FPR,TPR,FDR,NPrecision,NRecall,alpha,NTP,NTN,NFP,NFN,NTPR,NFPR,NACC,diffnetfinder_sec,run,dim
0.00020242914979757084,0.0,1.0,0.0,0.0,0.05,0,4939,1,10,0.0,0.00020242914979757084,0.9977777777777778,6.071667900076136,0,100
0.0004048582995951417,0.0,1.0,0.0,0.0,0.1,0,4938,2,10,0.0,0.0004048582995951417,0.9975757575757576,6.071667900076136,0,100
0.0004048582995951417,0.0,1.0,0.0,0.0,0.15,0,4938,2,10,0.0,0.0004048582995951417,0.9975757575757576,6.071667900076136,0,100
0.0006072874493927126,0.0,1.0,0.0,0.0,0.2,0,4937,3,10,0.0,0.0006072874493927126,0.9973737373737374,6.071667900076136,0,100
0.0006072874493927126,0.0,1.0,0.0,0.0,0.25,0,4937,3,10,0.0,0.0006072874493927126,0.9973737373737374,6.071667900076136,0,100
0.0006072874493927126,0.0,1.0,0.0,0.0,0.3,0,4937,3,10,0.0,0.0006072874493927126,0.9973737373737374,6.071667900076136,0,100
0.0006072874493927126,0.0,1.0,0.0,0.0,0.35,0,4937,3,10,0.0,0.0006072874493927126,0.9973737373737374,6.071667900076136,0,100
0.0006072874493927126,0.0,1.0,0.0,0.0,0.4,0,4937,3,10,0.0,0.0006072874493927126,0.9973737373737374,6.071667900076136,0,100
0.0006072874493927126,0.0,1.0,0.0,0.0,0.45,0,4937,3,10,0.0,0.0006072874493927126,0.9973737373737374,6.071667900076136,0,100
0.0006072874493927126,0.0,1.0,0.0,0.0,0.5,0,4937,3,10,0.0,0.0006072874493927126,0.9973737373737374,6.071667900076136,0,100
0.0006072874493927126,0.0,1.0,0.0,0.0,0.55,0,4937,3,10,0.0,0.0006072874493927126,0.9973737373737374,6.071667900076136,0,100
0.0006072874493927126,0.0,1.0,0.0,0.0,0.6,0,4937,3,10,0.0,0.0006072874493927126,0.9973737373737374,6.071667900076136,0,100
0.0024291497975708503,0.0,1.0,0.0,0.0,0.65,0,4928,12,10,0.0,0.0024291497975708503,0.9955555555555555,6.071667900076136,0,100
0.002834008097165992,0.0,1.0,0.0,0.0,0.7,0,4926,14,10,0.0,0.002834008097165992,0.9951515151515151,6.071667900076136,0,100
0.002834008097165992,0.0,1.0,0.0,0.0,0.75,0,4926,14,10,0.0,0.002834008097165992,0.9951515151515151,6.071667900076136,0,100
0.002834008097165992,0.0,1.0,0.0,0.0,0.8,0,4926,14,10,0.0,0.002834008097165992,0.9951515151515151,6.071667900076136,0,100
0.09817813765182186,0.3,0.9938524590163934,0.006147540983606557,0.3,0.85,3,4455,485,7,0.3,0.09817813765182186,0.9006060606060606,6.071667900076136,0,100
0.18987854251012146,0.3,0.9968119022316685,0.003188097768331562,0.3,0.9,3,4002,938,7,0.3,0.18987854251012146,0.8090909090909091,6.071667900076136,0,100
0.3736842105263158,0.5,0.9972987574284171,0.002701242571582928,0.5,0.95,5,3094,1846,5,0.5,0.3736842105263158,0.6260606060606061,6.071667900076136,0,100
0.9949392712550608,1.0,0.9979695431472081,0.0020304568527918783,1.0,1.0,10,25,4915,0,1.0,0.9949392712550608,0.007070707070707071,6.071667900076136,0,100
0.0,0.1,0.0,1.0,0.1,0.05,1,4940,0,9,0.1,0.0,0.9981818181818182,6.314264599932358,1,100
0.00020242914979757084,0.1,0.5,0.5,0.1,0.1,1,4939,1,9,0.1,0.00020242914979757084,0.997979797979798,6.314264599932358,1,100
0.00020242914979757084,0.1,0.5,0.5,0.1,0.15,1,4939,1,9,0.1,0.00020242914979757084,0.997979797979798,6.314264599932358,1,100
0.00020242914979757084,0.1,0.5,0.5,0.1,0.2,1,4939,1,9,0.1,0.00020242914979757084,0.997979797979798,6.314264599932358,1,100
0.00020242914979757084,0.1,0.5,0.5,0.1,0.25,1,4939,1,9,0.1,0.00020242914979757084,0.997979797979798,6.314264599932358,1,100
0.00020242914979757084,0.1,0.5,0.5,0.1,0.3,1,4939,1,9,0.1,0.00020242914979757084,0.997979797979798,6.314264599932358,1,100
0.00020242914979757084,0.1,0.5,0.5,0.1,0.35,1,4939,1,9,0.1,0.00020242914979757084,0.997979797979798,6.314264599932358,1,100
0.00020242914979757084,0.1,0.5,0.5,0.1,0.4,1,4939,1,9,0.1,0.00020242914979757084,0.997979797979798,6.314264599932358,1,100
0.00020242914979757084,0.1,0.5,0.5,0.1,0.45,1,4939,1,9,0.1,0.00020242914979757084,0.997979797979798,6.314264599932358,1,100
0.00020242914979757084,0.1,0.5,0.5,0.1,0.5,1,4939,1,9,0.1,0.00020242914979757084,0.997979797979798,6.314264599932358,1,100
0.00020242914979757084,0.1,0.5,0.5,0.1,0.55,1,4939,1,9,0.1,0.00020242914979757084,0.997979797979798,6.314264599932358,1,100
0.0008097165991902834,0.1,0.8,0.2,0.1,0.6,1,4936,4,9,0.1,0.0008097165991902834,0.9973737373737374,6.314264599932358,1,100
0.0008097165991902834,0.1,0.8,0.2,0.1,0.65,1,4936,4,9,0.1,0.0008097165991902834,0.9973737373737374,6.314264599932358,1,100
0.0008097165991902834,0.1,0.8,0.2,0.1,0.7,1,4936,4,9,0.1,0.0008097165991902834,0.9973737373737374,6.314264599932358,1,100
0.0008097165991902834,0.1,0.8,0.2,0.1,0.75,1,4936,4,9,0.1,0.0008097165991902834,0.9973737373737374,6.314264599932358,1,100
0.0008097165991902834,0.1,0.8,0.2,0.1,0.8,1,4936,4,9,0.1,0.0008097165991902834,0.9973737373737374,6.314264599932358,1,100
0.0008097165991902834,0.1,0.8,0.2,0.1,0.85,1,4936,4,9,0.1,0.0008097165991902834,0.9973737373737374,6.314264599932358,1,100
0.0010121457489878543,0.2,0.7142857142857143,0.2857142857142857,0.2,0.9,2,4935,5,8,0.2,0.0010121457489878543,0.9973737373737374,6.314264599932358,1,100
0.13137651821862348,0.5,0.9923547400611621,0.00764525993883792,0.5,0.95,5,4291,649,5,0.5,0.13137651821862348,0.8678787878787879,6.314264599932358,1,100
0.9983805668016195,1.0,0.9979765277215702,0.0020234722784297854,1.0,1.0,10,8,4932,0,1.0,0.9983805668016195,0.0036363636363636364,6.314264599932358,1,100
0.0,0.0,0.0,,0.0,0.05,0,4940,0,10,0.0,0.0,0.997979797979798,6.145034899935126,2,100
0.0,0.0,0.0,,0.0,0.1,0,4940,0,10,0.0,0.0,0.997979797979798,6.145034899935126,2,100
0.0,0.0,0.0,,0.0,0.15,0,4940,0,10,0.0,0.0,0.997979797979798,6.145034899935126,2,100
0.0,0.0,0.0,,0.0,0.2,0,4940,0,10,0.0,0.0,0.997979797979798,6.145034899935126,2,100
0.0,0.0,0.0,,0.0,0.25,0,4940,0,10,0.0,0.0,0.997979797979798,6.145034899935126,2,100
0.0,0.0,0.0,,0.0,0.3,0,4940,0,10,0.0,0.0,0.997979797979798,6.145034899935126,2,100
0.0,0.0,0.0,,0.0,0.35,0,4940,0,10,0.0,0.0,0.997979797979798,6.145034899935126,2,100
0.0,0.0,0.0,,0.0,0.4,0,4940,0,10,0.0,0.0,0.997979797979798,6.145034899935126,2,100
0.0,0.0,0.0,,0.0,0.45,0,4940,0,10,0.0,0.0,0.997979797979798,6.145034899935126,2,100
0.0,0.0,0.0,,0.0,0.5,0,4940,0,10,0.0,0.0,0.997979797979798,6.145034899935126,2,100
0.0,0.0,0.0,,0.0,0.55,0,4940,0,10,0.0,0.0,0.997979797979798,6.145034899935126,2,100
0.00931174089068826,0.1,0.9787234042553191,0.02127659574468085,0.1,0.6,1,4894,46,9,0.1,0.00931174089068826,0.9888888888888889,6.145034899935126,2,100
0.009919028340080972,0.1,0.98,0.02,0.1,0.65,1,4891,49,9,0.1,0.009919028340080972,0.9882828282828283,6.145034899935126,2,100
0.015182186234817813,0.2,0.974025974025974,0.025974025974025976,0.2,0.7,2,4865,75,8,0.2,0.015182186234817813,0.9832323232323232,6.145034899935126,2,100
0.03866396761133603,0.4,0.9794871794871794,0.020512820512820513,0.4,0.75,4,4749,191,6,0.4,0.03866396761133603,0.9602020202020202,6.145034899935126,2,100
0.060121457489878544,0.4,0.9867109634551495,0.013289036544850499,0.4,0.8,4,4643,297,6,0.4,0.060121457489878544,0.9387878787878788,6.145034899935126,2,100
0.2208502024291498,0.6,0.9945305378304466,0.0054694621695533276,0.6,0.85,6,3849,1091,4,0.6,0.2208502024291498,0.7787878787878788,6.145034899935126,2,100
0.29453441295546556,0.6,0.9958932238193019,0.004106776180698152,0.6,0.9,6,3485,1455,4,0.6,0.29453441295546556,0.7052525252525252,6.145034899935126,2,100
0.5323886639676113,0.6,0.9977238239757208,0.002276176024279211,0.6,0.95,6,2310,2630,4,0.6,0.5323886639676113,0.4678787878787879,6.145034899935126,2,100
0.9969635627530364,1.0,0.9979736575481256,0.002026342451874367,1.0,1.0,10,15,4925,0,1.0,0.9969635627530364,0.005050505050505051,6.145034899935126,2,100
0.0,0.0,0.0,,0.0,0.05,0,4940,0,10,0.0,0.0,0.997979797979798,6.183151300065219,3,100
0.0,0.0,0.0,,0.0,0.1,0,4940,0,10,0.0,0.0,0.997979797979798,6.183151300065219,3,100
0.0,0.0,0.0,,0.0,0.15,0,4940,0,10,0.0,0.0,0.997979797979798,6.183151300065219,3,100
0.0,0.0,0.0,,0.0,0.2,0,4940,0,10,0.0,0.0,0.997979797979798,6.183151300065219,3,100
0.0,0.0,0.0,,0.0,0.25,0,4940,0,10,0.0,0.0,0.997979797979798,6.183151300065219,3,100
0.0,0.0,0.0,,0.0,0.3,0,4940,0,10,0.0,0.0,0.997979797979798,6.183151300065219,3,100
0.0,0.0,0.0,,0.0,0.35,0,4940,0,10,0.0,0.0,0.997979797979798,6.183151300065219,3,100
0.0,0.0,0.0,,0.0,0.4,0,4940,0,10,0.0,0.0,0.997979797979798,6.183151300065219,3,100
0.0032388663967611335,0.1,0.9411764705882353,0.058823529411764705,0.1,0.45,1,4924,16,9,0.1,0.0032388663967611335,0.9949494949494949,6.183151300065219,3,100
0.0032388663967611335,0.1,0.9411764705882353,0.058823529411764705,0.1,0.5,1,4924,16,9,0.1,0.0032388663967611335,0.9949494949494949,6.183151300065219,3,100
0.0036437246963562753,0.1,0.9473684210526315,0.05263157894736842,0.1,0.55,1,4922,18,9,0.1,0.0036437246963562753,0.9945454545454545,6.183151300065219,3,100
0.004048582995951417,0.1,0.9523809523809523,0.047619047619047616,0.1,0.6,1,4920,20,9,0.1,0.004048582995951417,0.9941414141414141,6.183151300065219,3,100
0.004858299595141701,0.1,0.96,0.04,0.1,0.65,1,4916,24,9,0.1,0.004858299595141701,0.9933333333333333,6.183151300065219,3,100
0.011538461538461539,0.1,0.9827586206896551,0.017241379310344827,0.1,0.7,1,4883,57,9,0.1,0.011538461538461539,0.9866666666666667,6.183151300065219,3,100
0.01700404858299595,0.1,0.9882352941176471,0.011764705882352941,0.1,0.75,1,4856,84,9,0.1,0.01700404858299595,0.9812121212121212,6.183151300065219,3,100
0.03218623481781376,0.1,0.99375,0.00625,0.1,0.8,1,4781,159,9,0.1,0.03218623481781376,0.9660606060606061,6.183151300065219,3,100
0.048987854251012146,0.1,0.9958847736625515,0.00411522633744856,0.1,0.85,1,4698,242,9,0.1,0.048987854251012146,0.9492929292929293,6.183151300065219,3,100
0.12206477732793522,0.4,0.9934102141680395,0.006589785831960461,0.4,0.9,4,4337,603,6,0.4,0.12206477732793522,0.876969696969697,6.183151300065219,3,100
0.2374493927125506,0.6,0.9949109414758269,0.005089058524173028,0.6,0.95,6,3767,1173,4,0.6,0.2374493927125506,0.7622222222222222,6.183151300065219,3,100
0.9987854251012146,1.0,0.9979773462783171,0.0020226537216828477,1.0,1.0,10,6,4934,0,1.0,0.9987854251012146,0.0032323232323232323,6.183151300065219,3,100
0.0,0.0,0.0,,0.0,0.05,0,4940,0,10,0.0,0.0,0.997979797979798,6.299402800039388,4,100
0.0,0.0,0.0,,0.0,0.1,0,4940,0,10,0.0,0.0,0.997979797979798,6.299402800039388,4,100
0.0,0.0,0.0,,0.0,0.15,0,4940,0,10,0.0,0.0,0.997979797979798,6.299402800039388,4,100
0.0,0.0,0.0,,0.0,0.2,0,4940,0,10,0.0,0.0,0.997979797979798,6.299402800039388,4,100
0.0,0.0,0.0,,0.0,0.25,0,4940,0,10,0.0,0.0,0.997979797979798,6.299402800039388,4,100
0.0,0.0,0.0,,0.0,0.3,0,4940,0,10,0.0,0.0,0.997979797979798,6.299402800039388,4,100
0.0,0.0,0.0,,0.0,0.35,0,4940,0,10,0.0,0.0,0.997979797979798,6.299402800039388,4,100
0.0,0.0,0.0,,0.0,0.4,0,4940,0,10,0.0,0.0,0.997979797979798,6.299402800039388,4,100
0.0,0.0,0.0,,0.0,0.45,0,4940,0,10,0.0,0.0,0.997979797979798,6.299402800039388,4,100
0.0,0.0,0.0,,0.0,0.5,0,4940,0,10,0.0,0.0,0.997979797979798,6.299402800039388,4,100
0.0,0.0,0.0,,0.0,0.55,0,4940,0,10,0.0,0.0,0.997979797979798,6.299402800039388,4,100
0.0,0.0,0.0,,0.0,0.6,0,4940,0,10,0.0,0.0,0.997979797979798,6.299402800039388,4,100
0.0,0.0,0.0,,0.0,0.65,0,4940,0,10,0.0,0.0,0.997979797979798,6.299402800039388,4,100
0.0,0.0,0.0,,0.0,0.7,0,4940,0,10,0.0,0.0,0.997979797979798,6.299402800039388,4,100
0.0016194331983805667,0.1,0.8888888888888888,0.1111111111111111,0.1,0.75,1,4932,8,9,0.1,0.0016194331983805667,0.9965656565656565,6.299402800039388,4,100
0.012145748987854251,0.1,0.9836065573770492,0.01639344262295082,0.1,0.8,1,4880,60,9,0.1,0.012145748987854251,0.9860606060606061,6.299402800039388,4,100
0.08927125506072875,0.2,0.9954853273137697,0.004514672686230248,0.2,0.85,2,4499,441,8,0.2,0.08927125506072875,0.9092929292929293,6.299402800039388,4,100
0.19817813765182185,0.4,0.9959308240081384,0.004069175991861648,0.4,0.9,4,3961,979,6,0.4,0.19817813765182185,0.8010101010101011,6.299402800039388,4,100
0.3133603238866397,0.5,0.9967804249839022,0.003219575016097875,0.5,0.95,5,3392,1548,5,0.5,0.3133603238866397,0.6862626262626262,6.299402800039388,4,100
0.998582995951417,1.0,0.9979769370827433,0.0020230629172567267,1.0,1.0,10,7,4933,0,1.0,0.998582995951417,0.0034343434343434343,6.299402800039388,4,100
0.0,0.0,0.0,,0.0,0.05,0,4940,0,10,0.0,0.0,0.997979797979798,6.313418500008993,5,100
0.0,0.0,0.0,,0.0,0.1,0,4940,0,10,0.0,0.0,0.997979797979798,6.313418500008993,5,100
0.0006072874493927126,0.0,1.0,0.0,0.0,0.15,0,4937,3,10,0.0,0.0006072874493927126,0.9973737373737374,6.313418500008993,5,100
0.0006072874493927126,0.0,1.0,0.0,0.0,0.2,0,4937,3,10,0.0,0.0006072874493927126,0.9973737373737374,6.313418500008993,5,100
0.0006072874493927126,0.0,1.0,0.0,0.0,0.25,0,4937,3,10,0.0,0.0006072874493927126,0.9973737373737374,6.313418500008993,5,100
0.0006072874493927126,0.0,1.0,0.0,0.0,0.3,0,4937,3,10,0.0,0.0006072874493927126,0.9973737373737374,6.313418500008993,5,100
0.0006072874493927126,0.0,1.0,0.0,0.0,0.35,0,4937,3,10,0.0,0.0006072874493927126,0.9973737373737374,6.313418500008993,5,100
0.0006072874493927126,0.0,1.0,0.0,0.0,0.4,0,4937,3,10,0.0,0.0006072874493927126,0.9973737373737374,6.313418500008993,5,100
0.0006072874493927126,0.0,1.0,0.0,0.0,0.45,0,4937,3,10,0.0,0.0006072874493927126,0.9973737373737374,6.313418500008993,5,100
0.0006072874493927126,0.0,1.0,0.0,0.0,0.5,0,4937,3,10,0.0,0.0006072874493927126,0.9973737373737374,6.313418500008993,5,100
0.0006072874493927126,0.0,1.0,0.0,0.0,0.55,0,4937,3,10,0.0,0.0006072874493927126,0.9973737373737374,6.313418500008993,5,100
0.0008097165991902834,0.0,1.0,0.0,0.0,0.6,0,4936,4,10,0.0,0.0008097165991902834,0.9971717171717172,6.313418500008993,5,100
0.0008097165991902834,0.0,1.0,0.0,0.0,0.65,0,4936,4,10,0.0,0.0008097165991902834,0.9971717171717172,6.313418500008993,5,100
0.0008097165991902834,0.0,1.0,0.0,0.0,0.7,0,4936,4,10,0.0,0.0008097165991902834,0.9971717171717172,6.313418500008993,5,100
0.010526315789473684,0.1,0.9811320754716981,0.018867924528301886,0.1,0.75,1,4888,52,9,0.1,0.010526315789473684,0.9876767676767677,6.313418500008993,5,100
0.010931174089068825,0.1,0.9818181818181818,0.01818181818181818,0.1,0.8,1,4886,54,9,0.1,0.010931174089068825,0.9872727272727273,6.313418500008993,5,100
0.012550607287449392,0.1,0.9841269841269841,0.015873015873015872,0.1,0.85,1,4878,62,9,0.1,0.012550607287449392,0.9856565656565657,6.313418500008993,5,100
0.015587044534412956,0.1,0.9871794871794872,0.01282051282051282,0.1,0.9,1,4863,77,9,0.1,0.015587044534412956,0.9826262626262626,6.313418500008993,5,100
0.043927125506072875,0.2,0.9908675799086758,0.0091324200913242,0.2,0.95,2,4723,217,8,0.2,0.043927125506072875,0.9545454545454546,6.313418500008993,5,100
0.9987854251012146,1.0,0.9979773462783171,0.0020226537216828477,1.0,1.0,10,6,4934,0,1.0,0.9987854251012146,0.0032323232323232323,6.313418500008993,5,100
0.0,0.0,0.0,,0.0,0.05,0,4940,0,10,0.0,0.0,0.997979797979798,6.186056499951519,6,100
0.0,0.0,0.0,,0.0,0.1,0,4940,0,10,0.0,0.0,0.997979797979798,6.186056499951519,6,100
0.0,0.0,0.0,,0.0,0.15,0,4940,0,10,0.0,0.0,0.997979797979798,6.186056499951519,6,100
0.0,0.0,0.0,,0.0,0.2,0,4940,0,10,0.0,0.0,0.997979797979798,6.186056499951519,6,100
0.0,0.0,0.0,,0.0,0.25,0,4940,0,10,0.0,0.0,0.997979797979798,6.186056499951519,6,100
0.0,0.0,0.0,,0.0,0.3,0,4940,0,10,0.0,0.0,0.997979797979798,6.186056499951519,6,100
0.0,0.0,0.0,,0.0,0.35,0,4940,0,10,0.0,0.0,0.997979797979798,6.186056499951519,6,100
0.0,0.0,0.0,,0.0,0.4,0,4940,0,10,0.0,0.0,0.997979797979798,6.186056499951519,6,100
0.0,0.0,0.0,,0.0,0.45,0,4940,0,10,0.0,0.0,0.997979797979798,6.186056499951519,6,100
0.0,0.0,0.0,,0.0,0.5,0,4940,0,10,0.0,0.0,0.997979797979798,6.186056499951519,6,100
0.0,0.0,0.0,,0.0,0.55,0,4940,0,10,0.0,0.0,0.997979797979798,6.186056499951519,6,100
0.0,0.0,0.0,,0.0,0.6,0,4940,0,10,0.0,0.0,0.997979797979798,6.186056499951519,6,100
0.0,0.0,0.0,,0.0,0.65,0,4940,0,10,0.0,0.0,0.997979797979798,6.186056499951519,6,100
0.0,0.0,0.0,,0.0,0.7,0,4940,0,10,0.0,0.0,0.997979797979798,6.186056499951519,6,100
0.0,0.0,0.0,,0.0,0.75,0,4940,0,10,0.0,0.0,0.997979797979798,6.186056499951519,6,100
0.0,0.0,0.0,,0.0,0.8,0,4940,0,10,0.0,0.0,0.997979797979798,6.186056499951519,6,100
0.0,0.0,0.0,,0.0,0.85,0,4940,0,10,0.0,0.0,0.997979797979798,6.186056499951519,6,100
0.0,0.0,0.0,,0.0,0.9,0,4940,0,10,0.0,0.0,0.997979797979798,6.186056499951519,6,100
0.013765182186234818,0.0,1.0,0.0,0.0,0.95,0,4872,68,10,0.0,0.013765182186234818,0.9842424242424243,6.186056499951519,6,100
0.9710526315789474,0.9,0.99812734082397,0.0018726591760299626,0.9,1.0,9,143,4797,1,0.9,0.9710526315789474,0.030707070707070707,6.186056499951519,6,100
0.0,0.0,0.0,,0.0,0.05,0,4940,0,10,0.0,0.0,0.997979797979798,6.28101889998652,7,100
0.0,0.0,0.0,,0.0,0.1,0,4940,0,10,0.0,0.0,0.997979797979798,6.28101889998652,7,100
0.0,0.0,0.0,,0.0,0.15,0,4940,0,10,0.0,0.0,0.997979797979798,6.28101889998652,7,100
0.0,0.0,0.0,,0.0,0.2,0,4940,0,10,0.0,0.0,0.997979797979798,6.28101889998652,7,100
0.0,0.0,0.0,,0.0,0.25,0,4940,0,10,0.0,0.0,0.997979797979798,6.28101889998652,7,100
0.0,0.0,0.0,,0.0,0.3,0,4940,0,10,0.0,0.0,0.997979797979798,6.28101889998652,7,100
0.0004048582995951417,0.1,0.6666666666666666,0.3333333333333333,0.1,0.35,1,4938,2,9,0.1,0.0004048582995951417,0.9977777777777778,6.28101889998652,7,100
0.0004048582995951417,0.1,0.6666666666666666,0.3333333333333333,0.1,0.4,1,4938,2,9,0.1,0.0004048582995951417,0.9977777777777778,6.28101889998652,7,100
0.0012145748987854252,0.1,0.8571428571428571,0.14285714285714285,0.1,0.45,1,4934,6,9,0.1,0.0012145748987854252,0.996969696969697,6.28101889998652,7,100
0.0012145748987854252,0.1,0.8571428571428571,0.14285714285714285,0.1,0.5,1,4934,6,9,0.1,0.0012145748987854252,0.996969696969697,6.28101889998652,7,100
0.0012145748987854252,0.1,0.8571428571428571,0.14285714285714285,0.1,0.55,1,4934,6,9,0.1,0.0012145748987854252,0.996969696969697,6.28101889998652,7,100
0.0012145748987854252,0.1,0.8571428571428571,0.14285714285714285,0.1,0.6,1,4934,6,9,0.1,0.0012145748987854252,0.996969696969697,6.28101889998652,7,100
0.0012145748987854252,0.1,0.8571428571428571,0.14285714285714285,0.1,0.65,1,4934,6,9,0.1,0.0012145748987854252,0.996969696969697,6.28101889998652,7,100
0.005668016194331984,0.1,0.9655172413793104,0.034482758620689655,0.1,0.7,1,4912,28,9,0.1,0.005668016194331984,0.9925252525252525,6.28101889998652,7,100
0.018421052631578946,0.1,0.9891304347826086,0.010869565217391304,0.1,0.75,1,4849,91,9,0.1,0.018421052631578946,0.9797979797979798,6.28101889998652,7,100
0.02165991902834008,0.1,0.9907407407407407,0.009259259259259259,0.1,0.8,1,4833,107,9,0.1,0.02165991902834008,0.9765656565656565,6.28101889998652,7,100
0.02368421052631579,0.1,0.9915254237288136,0.00847457627118644,0.1,0.85,1,4823,117,9,0.1,0.02368421052631579,0.9745454545454545,6.28101889998652,7,100
0.029149797570850202,0.1,0.993103448275862,0.006896551724137931,0.1,0.9,1,4796,144,9,0.1,0.029149797570850202,0.9690909090909091,6.28101889998652,7,100
0.09939271255060729,0.5,0.9899193548387096,0.010080645161290322,0.5,0.95,5,4449,491,5,0.5,0.09939271255060729,0.8997979797979798,6.28101889998652,7,100
0.998582995951417,1.0,0.9979769370827433,0.0020230629172567267,1.0,1.0,10,7,4933,0,1.0,0.998582995951417,0.0034343434343434343,6.28101889998652,7,100
0.0,0.0,0.0,,0.0,0.05,0,4940,0,10,0.0,0.0,0.997979797979798,6.175539199961349,8,100
0.0,0.0,0.0,,0.0,0.1,0,4940,0,10,0.0,0.0,0.997979797979798,6.175539199961349,8,100
0.00020242914979757084,0.1,0.5,0.5,0.1,0.15,1,4939,1,9,0.1,0.00020242914979757084,0.997979797979798,6.175539199961349,8,100
0.00020242914979757084,0.1,0.5,0.5,0.1,0.2,1,4939,1,9,0.1,0.00020242914979757084,0.997979797979798,6.175539199961349,8,100
0.0004048582995951417,0.1,0.6666666666666666,0.3333333333333333,0.1,0.25,1,4938,2,9,0.1,0.0004048582995951417,0.9977777777777778,6.175539199961349,8,100
0.0004048582995951417,0.1,0.6666666666666666,0.3333333333333333,0.1,0.3,1,4938,2,9,0.1,0.0004048582995951417,0.9977777777777778,6.175539199961349,8,100
0.0018218623481781376,0.1,0.9,0.1,0.1,0.35,1,4931,9,9,0.1,0.0018218623481781376,0.9963636363636363,6.175539199961349,8,100
0.002226720647773279,0.2,0.8461538461538461,0.15384615384615385,0.2,0.4,2,4929,11,8,0.2,0.002226720647773279,0.9961616161616161,6.175539199961349,8,100
0.002631578947368421,0.2,0.8666666666666667,0.13333333333333333,0.2,0.45,2,4927,13,8,0.2,0.002631578947368421,0.9957575757575757,6.175539199961349,8,100
0.002631578947368421,0.2,0.8666666666666667,0.13333333333333333,0.2,0.5,2,4927,13,8,0.2,0.002631578947368421,0.9957575757575757,6.175539199961349,8,100
0.002631578947368421,0.2,0.8666666666666667,0.13333333333333333,0.2,0.55,2,4927,13,8,0.2,0.002631578947368421,0.9957575757575757,6.175539199961349,8,100
0.0036437246963562753,0.2,0.9,0.1,0.2,0.6,2,4922,18,8,0.2,0.0036437246963562753,0.9947474747474747,6.175539199961349,8,100
0.0036437246963562753,0.2,0.9,0.1,0.2,0.65,2,4922,18,8,0.2,0.0036437246963562753,0.9947474747474747,6.175539199961349,8,100
0.011336032388663968,0.3,0.9491525423728814,0.05084745762711865,0.3,0.7,3,4884,56,7,0.3,0.011336032388663968,0.9872727272727273,6.175539199961349,8,100
0.024493927125506073,0.3,0.9758064516129032,0.024193548387096774,0.3,0.75,3,4819,121,7,0.3,0.024493927125506073,0.9741414141414141,6.175539199961349,8,100
0.03441295546558704,0.3,0.9826589595375722,0.017341040462427744,0.3,0.8,3,4770,170,7,0.3,0.03441295546558704,0.9642424242424242,6.175539199961349,8,100
0.040283400809716596,0.4,0.9802955665024631,0.019704433497536946,0.4,0.85,4,4741,199,6,0.4,0.040283400809716596,0.9585858585858585,6.175539199961349,8,100
0.16052631578947368,0.5,0.993734335839599,0.006265664160401002,0.5,0.9,5,4147,793,5,0.5,0.16052631578947368,0.8387878787878787,6.175539199961349,8,100
0.4530364372469636,0.9,0.9959946595460614,0.004005340453938585,0.9,0.95,9,2702,2238,1,0.9,0.4530364372469636,0.5476767676767677,6.175539199961349,8,100
0.998582995951417,1.0,0.9979769370827433,0.0020230629172567267,1.0,1.0,10,7,4933,0,1.0,0.998582995951417,0.0034343434343434343,6.175539199961349,8,100
0.0,0.0,0.0,,0.0,0.05,0,4940,0,10,0.0,0.0,0.997979797979798,6.096867799991742,9,100
0.0,0.0,0.0,,0.0,0.1,0,4940,0,10,0.0,0.0,0.997979797979798,6.096867799991742,9,100
0.0,0.0,0.0,,0.0,0.15,0,4940,0,10,0.0,0.0,0.997979797979798,6.096867799991742,9,100
0.0,0.0,0.0,,0.0,0.2,0,4940,0,10,0.0,0.0,0.997979797979798,6.096867799991742,9,100
0.0,0.0,0.0,,0.0,0.25,0,4940,0,10,0.0,0.0,0.997979797979798,6.096867799991742,9,100
0.0,0.0,0.0,,0.0,0.3,0,4940,0,10,0.0,0.0,0.997979797979798,6.096867799991742,9,100
0.0004048582995951417,0.0,1.0,0.0,0.0,0.35,0,4938,2,10,0.0,0.0004048582995951417,0.9975757575757576,6.096867799991742,9,100
0.0012145748987854252,0.0,1.0,0.0,0.0,0.4,0,4934,6,10,0.0,0.0012145748987854252,0.9967676767676767,6.096867799991742,9,100
0.005060728744939271,0.0,1.0,0.0,0.0,0.45,0,4915,25,10,0.0,0.005060728744939271,0.9929292929292929,6.096867799991742,9,100
0.005060728744939271,0.0,1.0,0.0,0.0,0.5,0,4915,25,10,0.0,0.005060728744939271,0.9929292929292929,6.096867799991742,9,100
0.0072874493927125505,0.0,1.0,0.0,0.0,0.55,0,4904,36,10,0.0,0.0072874493927125505,0.9907070707070708,6.096867799991742,9,100
0.0072874493927125505,0.0,1.0,0.0,0.0,0.6,0,4904,36,10,0.0,0.0072874493927125505,0.9907070707070708,6.096867799991742,9,100
0.010526315789473684,0.1,0.9811320754716981,0.018867924528301886,0.1,0.65,1,4888,52,9,0.1,0.010526315789473684,0.9876767676767677,6.096867799991742,9,100
0.018218623481781375,0.1,0.989010989010989,0.01098901098901099,0.1,0.7,1,4850,90,9,0.1,0.018218623481781375,0.98,6.096867799991742,9,100
0.02145748987854251,0.1,0.9906542056074766,0.009345794392523364,0.1,0.75,1,4834,106,9,0.1,0.02145748987854251,0.9767676767676767,6.096867799991742,9,100
0.05931174089068826,0.2,0.9932203389830508,0.006779661016949152,0.2,0.8,2,4647,293,8,0.2,0.05931174089068826,0.9391919191919192,6.096867799991742,9,100
0.06518218623481781,0.2,0.9938271604938271,0.006172839506172839,0.2,0.85,2,4618,322,8,0.2,0.06518218623481781,0.9333333333333333,6.096867799991742,9,100
0.0931174089068826,0.4,0.9913793103448276,0.008620689655172414,0.4,0.9,4,4480,460,6,0.4,0.0931174089068826,0.9058585858585858,6.096867799991742,9,100
0.34048582995951415,0.6,0.9964454976303317,0.0035545023696682463,0.6,0.95,6,3258,1682,4,0.6,0.34048582995951415,0.6593939393939394,6.096867799991742,9,100
0.9983805668016195,1.0,0.9979765277215702,0.0020234722784297854,1.0,1.0,10,8,4932,0,1.0,0.9983805668016195,0.0036363636363636364,6.096867799991742,9,100
0.0,0.0,0.0,,0.0,0.05,0,4940,0,10,0.0,0.0,0.997979797979798,6.128382500028238,10,100
0.0,0.0,0.0,,0.0,0.1,0,4940,0,10,0.0,0.0,0.997979797979798,6.128382500028238,10,100
0.0,0.0,0.0,,0.0,0.15,0,4940,0,10,0.0,0.0,0.997979797979798,6.128382500028238,10,100
0.0,0.0,0.0,,0.0,0.2,0,4940,0,10,0.0,0.0,0.997979797979798,6.128382500028238,10,100
0.0,0.0,0.0,,0.0,0.25,0,4940,0,10,0.0,0.0,0.997979797979798,6.128382500028238,10,100
0.0,0.0,0.0,,0.0,0.3,0,4940,0,10,0.0,0.0,0.997979797979798,6.128382500028238,10,100
0.0,0.0,0.0,,0.0,0.35,0,4940,0,10,0.0,0.0,0.997979797979798,6.128382500028238,10,100
0.0,0.0,0.0,,0.0,0.4,0,4940,0,10,0.0,0.0,0.997979797979798,6.128382500028238,10,100
0.0,0.0,0.0,,0.0,0.45,0,4940,0,10,0.0,0.0,0.997979797979798,6.128382500028238,10,100
0.00020242914979757084,0.0,1.0,0.0,0.0,0.5,0,4939,1,10,0.0,0.00020242914979757084,0.9977777777777778,6.128382500028238,10,100
0.004048582995951417,0.0,1.0,0.0,0.0,0.55,0,4920,20,10,0.0,0.004048582995951417,0.9939393939393939,6.128382500028238,10,100
0.010931174089068825,0.0,1.0,0.0,0.0,0.6,0,4886,54,10,0.0,0.010931174089068825,0.9870707070707071,6.128382500028238,10,100
0.012753036437246963,0.0,1.0,0.0,0.0,0.65,0,4877,63,10,0.0,0.012753036437246963,0.9852525252525253,6.128382500028238,10,100
0.029757085020242914,0.0,1.0,0.0,0.0,0.7,0,4793,147,10,0.0,0.029757085020242914,0.9682828282828283,6.128382500028238,10,100
0.05789473684210526,0.0,1.0,0.0,0.0,0.75,0,4654,286,10,0.0,0.05789473684210526,0.9402020202020202,6.128382500028238,10,100
0.08137651821862348,0.1,0.9975186104218362,0.0024813895781637717,0.1,0.8,1,4538,402,9,0.1,0.08137651821862348,0.916969696969697,6.128382500028238,10,100
0.11599190283400809,0.2,0.9965217391304347,0.0034782608695652175,0.2,0.85,2,4367,573,8,0.2,0.11599190283400809,0.8826262626262626,6.128382500028238,10,100
0.1848178137651822,0.3,0.9967248908296943,0.0032751091703056767,0.3,0.9,3,4027,913,7,0.3,0.1848178137651822,0.8141414141414142,6.128382500028238,10,100
0.3451417004048583,0.4,0.9976594499707431,0.0023405500292568754,0.4,0.95,4,3235,1705,6,0.4,0.3451417004048583,0.6543434343434343,6.128382500028238,10,100
0.998582995951417,1.0,0.9979769370827433,0.0020230629172567267,1.0,1.0,10,7,4933,0,1.0,0.998582995951417,0.0034343434343434343,6.128382500028238,10,100
0.00020242914979757084,0.1,0.5,0.5,0.1,0.05,1,4939,1,9,0.1,0.00020242914979757084,0.997979797979798,6.308159100008197,11,100
0.00020242914979757084,0.1,0.5,0.5,0.1,0.1,1,4939,1,9,0.1,0.00020242914979757084,0.997979797979798,6.308159100008197,11,100
0.00020242914979757084,0.1,0.5,0.5,0.1,0.15,1,4939,1,9,0.1,0.00020242914979757084,0.997979797979798,6.308159100008197,11,100
0.00020242914979757084,0.1,0.5,0.5,0.1,0.2,1,4939,1,9,0.1,0.00020242914979757084,0.997979797979798,6.308159100008197,11,100
0.00020242914979757084,0.1,0.5,0.5,0.1,0.25,1,4939,1,9,0.1,0.00020242914979757084,0.997979797979798,6.308159100008197,11,100
0.00020242914979757084,0.1,0.5,0.5,0.1,0.3,1,4939,1,9,0.1,0.00020242914979757084,0.997979797979798,6.308159100008197,11,100
0.0004048582995951417,0.1,0.6666666666666666,0.3333333333333333,0.1,0.35,1,4938,2,9,0.1,0.0004048582995951417,0.9977777777777778,6.308159100008197,11,100
0.0004048582995951417,0.1,0.6666666666666666,0.3333333333333333,0.1,0.4,1,4938,2,9,0.1,0.0004048582995951417,0.9977777777777778,6.308159100008197,11,100
0.002834008097165992,0.2,0.875,0.125,0.2,0.45,2,4926,14,8,0.2,0.002834008097165992,0.9955555555555555,6.308159100008197,11,100
0.003036437246963563,0.2,0.8823529411764706,0.11764705882352941,0.2,0.5,2,4925,15,8,0.2,0.003036437246963563,0.9953535353535353,6.308159100008197,11,100
0.0032388663967611335,0.2,0.8888888888888888,0.1111111111111111,0.2,0.55,2,4924,16,8,0.2,0.0032388663967611335,0.9951515151515151,6.308159100008197,11,100
0.004251012145748988,0.2,0.9130434782608695,0.08695652173913043,0.2,0.6,2,4919,21,8,0.2,0.004251012145748988,0.9941414141414141,6.308159100008197,11,100
0.004251012145748988,0.2,0.9130434782608695,0.08695652173913043,0.2,0.65,2,4919,21,8,0.2,0.004251012145748988,0.9941414141414141,6.308159100008197,11,100
0.006072874493927126,0.2,0.9375,0.0625,0.2,0.7,2,4910,30,8,0.2,0.006072874493927126,0.9923232323232323,6.308159100008197,11,100
0.01720647773279352,0.3,0.9659090909090909,0.03409090909090909,0.3,0.75,3,4855,85,7,0.3,0.01720647773279352,0.9814141414141414,6.308159100008197,11,100
0.03582995951417004,0.3,0.9833333333333333,0.016666666666666666,0.3,0.8,3,4763,177,7,0.3,0.03582995951417004,0.9628282828282828,6.308159100008197,11,100
0.039878542510121455,0.4,0.9800995024875622,0.01990049751243781,0.4,0.85,4,4743,197,6,0.4,0.039878542510121455,0.958989898989899,6.308159100008197,11,100
0.06133603238866397,0.4,0.9869706840390879,0.013029315960912053,0.4,0.9,4,4637,303,6,0.4,0.06133603238866397,0.9375757575757576,6.308159100008197,11,100
0.10283400809716599,0.5,0.9902534113060428,0.009746588693957114,0.5,0.95,5,4432,508,5,0.5,0.10283400809716599,0.8963636363636364,6.308159100008197,11,100
0.9884615384615385,0.9,0.9981602616516762,0.001839738348323794,0.9,1.0,9,57,4883,1,0.9,0.9884615384615385,0.013333333333333334,6.308159100008197,11,100
0.0,0.0,0.0,,0.0,0.05,0,4940,0,10,0.0,0.0,0.997979797979798,6.26135649997741,12,100
0.0,0.0,0.0,,0.0,0.1,0,4940,0,10,0.0,0.0,0.997979797979798,6.26135649997741,12,100
0.0004048582995951417,0.0,1.0,0.0,0.0,0.15,0,4938,2,10,0.0,0.0004048582995951417,0.9975757575757576,6.26135649997741,12,100
0.0004048582995951417,0.0,1.0,0.0,0.0,0.2,0,4938,2,10,0.0,0.0004048582995951417,0.9975757575757576,6.26135649997741,12,100
0.0004048582995951417,0.0,1.0,0.0,0.0,0.25,0,4938,2,10,0.0,0.0004048582995951417,0.9975757575757576,6.26135649997741,12,100
0.0016194331983805667,0.0,1.0,0.0,0.0,0.3,0,4932,8,10,0.0,0.0016194331983805667,0.9963636363636363,6.26135649997741,12,100
0.0016194331983805667,0.0,1.0,0.0,0.0,0.35,0,4932,8,10,0.0,0.0016194331983805667,0.9963636363636363,6.26135649997741,12,100
0.0016194331983805667,0.0,1.0,0.0,0.0,0.4,0,4932,8,10,0.0,0.0016194331983805667,0.9963636363636363,6.26135649997741,12,100
0.0016194331983805667,0.0,1.0,0.0,0.0,0.45,0,4932,8,10,0.0,0.0016194331983805667,0.9963636363636363,6.26135649997741,12,100
0.0016194331983805667,0.0,1.0,0.0,0.0,0.5,0,4932,8,10,0.0,0.0016194331983805667,0.9963636363636363,6.26135649997741,12,100
0.0018218623481781376,0.0,1.0,0.0,0.0,0.55,0,4931,9,10,0.0,0.0018218623481781376,0.9961616161616161,6.26135649997741,12,100
0.0018218623481781376,0.0,1.0,0.0,0.0,0.6,0,4931,9,10,0.0,0.0018218623481781376,0.9961616161616161,6.26135649997741,12,100
0.0018218623481781376,0.0,1.0,0.0,0.0,0.65,0,4931,9,10,0.0,0.0018218623481781376,0.9961616161616161,6.26135649997741,12,100
0.0018218623481781376,0.0,1.0,0.0,0.0,0.7,0,4931,9,10,0.0,0.0018218623481781376,0.9961616161616161,6.26135649997741,12,100
0.002834008097165992,0.0,1.0,0.0,0.0,0.75,0,4926,14,10,0.0,0.002834008097165992,0.9951515151515151,6.26135649997741,12,100
0.002834008097165992,0.1,0.9333333333333333,0.06666666666666667,0.1,0.8,1,4926,14,9,0.1,0.002834008097165992,0.9953535353535353,6.26135649997741,12,100
0.003036437246963563,0.1,0.9375,0.0625,0.1,0.85,1,4925,15,9,0.1,0.003036437246963563,0.9951515151515151,6.26135649997741,12,100
0.0032388663967611335,0.1,0.9411764705882353,0.058823529411764705,0.1,0.9,1,4924,16,9,0.1,0.0032388663967611335,0.9949494949494949,6.26135649997741,12,100
0.018421052631578946,0.1,0.9891304347826086,0.010869565217391304,0.1,0.95,1,4849,91,9,0.1,0.018421052631578946,0.9797979797979798,6.26135649997741,12,100
0.9983805668016195,1.0,0.9979765277215702,0.0020234722784297854,1.0,1.0,10,8,4932,0,1.0,0.9983805668016195,0.0036363636363636364,6.26135649997741,12,100
0.0,0.0,0.0,,0.0,0.05,0,4940,0,10,0.0,0.0,0.997979797979798,6.1927153000142425,13,100
0.0,0.0,0.0,,0.0,0.1,0,4940,0,10,0.0,0.0,0.997979797979798,6.1927153000142425,13,100
0.0,0.0,0.0,,0.0,0.15,0,4940,0,10,0.0,0.0,0.997979797979798,6.1927153000142425,13,100
0.0,0.0,0.0,,0.0,0.2,0,4940,0,10,0.0,0.0,0.997979797979798,6.1927153000142425,13,100
0.0,0.0,0.0,,0.0,0.25,0,4940,0,10,0.0,0.0,0.997979797979798,6.1927153000142425,13,100
0.0,0.0,0.0,,0.0,0.3,0,4940,0,10,0.0,0.0,0.997979797979798,6.1927153000142425,13,100
0.0,0.0,0.0,,0.0,0.35,0,4940,0,10,0.0,0.0,0.997979797979798,6.1927153000142425,13,100
0.0,0.0,0.0,,0.0,0.4,0,4940,0,10,0.0,0.0,0.997979797979798,6.1927153000142425,13,100
0.0,0.0,0.0,,0.0,0.45,0,4940,0,10,0.0,0.0,0.997979797979798,6.1927153000142425,13,100
0.0,0.0,0.0,,0.0,0.5,0,4940,0,10,0.0,0.0,0.997979797979798,6.1927153000142425,13,100
0.0,0.0,0.0,,0.0,0.55,0,4940,0,10,0.0,0.0,0.997979797979798,6.1927153000142425,13,100
0.0,0.0,0.0,,0.0,0.6,0,4940,0,10,0.0,0.0,0.997979797979798,6.1927153000142425,13,100
0.0,0.0,0.0,,0.0,0.65,0,4940,0,10,0.0,0.0,0.997979797979798,6.1927153000142425,13,100
0.0,0.0,0.0,,0.0,0.7,0,4940,0,10,0.0,0.0,0.997979797979798,6.1927153000142425,13,100
0.001417004048582996,0.0,1.0,0.0,0.0,0.75,0,4933,7,10,0.0,0.001417004048582996,0.9965656565656565,6.1927153000142425,13,100
0.0020242914979757085,0.1,0.9090909090909091,0.09090909090909091,0.1,0.8,1,4930,10,9,0.1,0.0020242914979757085,0.9961616161616161,6.1927153000142425,13,100
0.0032388663967611335,0.1,0.9411764705882353,0.058823529411764705,0.1,0.85,1,4924,16,9,0.1,0.0032388663967611335,0.9949494949494949,6.1927153000142425,13,100
0.004048582995951417,0.1,0.9523809523809523,0.047619047619047616,0.1,0.9,1,4920,20,9,0.1,0.004048582995951417,0.9941414141414141,6.1927153000142425,13,100
0.09878542510121457,0.5,0.9898580121703854,0.010141987829614604,0.5,0.95,5,4452,488,5,0.5,0.09878542510121457,0.9004040404040404,6.1927153000142425,13,100
0.9933198380566801,1.0,0.9979662395769778,0.002033760423022168,1.0,1.0,10,33,4907,0,1.0,0.9933198380566801,0.008686868686868687,6.1927153000142425,13,100
0.0,0.0,0.0,,0.0,0.05,0,4940,0,10,0.0,0.0,0.997979797979798,6.126911900006235,14,100
0.00020242914979757084,0.1,0.5,0.5,0.1,0.1,1,4939,1,9,0.1,0.00020242914979757084,0.997979797979798,6.126911900006235,14,100
0.00020242914979757084,0.1,0.5,0.5,0.1,0.15,1,4939,1,9,0.1,0.00020242914979757084,0.997979797979798,6.126911900006235,14,100
0.0004048582995951417,0.1,0.6666666666666666,0.3333333333333333,0.1,0.2,1,4938,2,9,0.1,0.0004048582995951417,0.9977777777777778,6.126911900006235,14,100
0.0006072874493927126,0.1,0.75,0.25,0.1,0.25,1,4937,3,9,0.1,0.0006072874493927126,0.9975757575757576,6.126911900006235,14,100
0.0032388663967611335,0.1,0.9411764705882353,0.058823529411764705,0.1,0.3,1,4924,16,9,0.1,0.0032388663967611335,0.9949494949494949,6.126911900006235,14,100
0.004251012145748988,0.1,0.9545454545454546,0.045454545454545456,0.1,0.35,1,4919,21,9,0.1,0.004251012145748988,0.9939393939393939,6.126911900006235,14,100
0.004251012145748988,0.1,0.9545454545454546,0.045454545454545456,0.1,0.4,1,4919,21,9,0.1,0.004251012145748988,0.9939393939393939,6.126911900006235,14,100
0.005060728744939271,0.1,0.9615384615384616,0.038461538461538464,0.1,0.45,1,4915,25,9,0.1,0.005060728744939271,0.9931313131313131,6.126911900006235,14,100
0.011538461538461539,0.2,0.9661016949152542,0.03389830508474576,0.2,0.5,2,4883,57,8,0.2,0.011538461538461539,0.9868686868686869,6.126911900006235,14,100
0.012348178137651822,0.2,0.9682539682539683,0.031746031746031744,0.2,0.55,2,4879,61,8,0.2,0.012348178137651822,0.9860606060606061,6.126911900006235,14,100
0.03360323886639676,0.2,0.9880952380952381,0.011904761904761904,0.2,0.6,2,4774,166,8,0.2,0.03360323886639676,0.9648484848484848,6.126911900006235,14,100
0.035222672064777326,0.2,0.9886363636363636,0.011363636363636364,0.2,0.65,2,4766,174,8,0.2,0.035222672064777326,0.9632323232323232,6.126911900006235,14,100
0.038461538461538464,0.2,0.9895833333333334,0.010416666666666666,0.2,0.7,2,4750,190,8,0.2,0.038461538461538464,0.96,6.126911900006235,14,100
0.04473684210526316,0.3,0.9866071428571429,0.013392857142857142,0.3,0.75,3,4719,221,7,0.3,0.04473684210526316,0.953939393939394,6.126911900006235,14,100
0.0868421052631579,0.4,0.9907621247113164,0.009237875288683603,0.4,0.8,4,4511,429,6,0.4,0.0868421052631579,0.9121212121212121,6.126911900006235,14,100
0.16619433198380568,0.4,0.9951515151515151,0.0048484848484848485,0.4,0.85,4,4119,821,6,0.4,0.16619433198380568,0.832929292929293,6.126911900006235,14,100
0.33157894736842103,0.7,0.9957446808510638,0.00425531914893617,0.7,0.9,7,3302,1638,3,0.7,0.33157894736842103,0.6684848484848485,6.126911900006235,14,100
0.5058704453441295,1.0,0.9960143483459546,0.0039856516540454365,1.0,0.95,10,2441,2499,0,1.0,0.5058704453441295,0.4951515151515152,6.126911900006235,14,100
0.904251012145749,1.0,0.997766361402725,0.002233638597274961,1.0,1.0,10,473,4467,0,1.0,0.904251012145749,0.09757575757575758,6.126911900006235,14,100
0.0,0.0,0.0,,0.0,0.05,0,4940,0,10,0.0,0.0,0.997979797979798,6.280189400073141,15,100
0.0,0.0,0.0,,0.0,0.1,0,4940,0,10,0.0,0.0,0.997979797979798,6.280189400073141,15,100
0.0,0.0,0.0,,0.0,0.15,0,4940,0,10,0.0,0.0,0.997979797979798,6.280189400073141,15,100
0.0,0.0,0.0,,0.0,0.2,0,4940,0,10,0.0,0.0,0.997979797979798,6.280189400073141,15,100
0.0,0.0,0.0,,0.0,0.25,0,4940,0,10,0.0,0.0,0.997979797979798,6.280189400073141,15,100
0.0,0.0,0.0,,0.0,0.3,0,4940,0,10,0.0,0.0,0.997979797979798,6.280189400073141,15,100
0.0,0.0,0.0,,0.0,0.35,0,4940,0,10,0.0,0.0,0.997979797979798,6.280189400073141,15,100
0.0006072874493927126,0.0,1.0,0.0,0.0,0.4,0,4937,3,10,0.0,0.0006072874493927126,0.9973737373737374,6.280189400073141,15,100
0.0010121457489878543,0.0,1.0,0.0,0.0,0.45,0,4935,5,10,0.0,0.0010121457489878543,0.996969696969697,6.280189400073141,15,100
0.0010121457489878543,0.0,1.0,0.0,0.0,0.5,0,4935,5,10,0.0,0.0010121457489878543,0.996969696969697,6.280189400073141,15,100
0.0010121457489878543,0.0,1.0,0.0,0.0,0.55,0,4935,5,10,0.0,0.0010121457489878543,0.996969696969697,6.280189400073141,15,100
0.0010121457489878543,0.0,1.0,0.0,0.0,0.6,0,4935,5,10,0.0,0.0010121457489878543,0.996969696969697,6.280189400073141,15,100
0.0010121457489878543,0.0,1.0,0.0,0.0,0.65,0,4935,5,10,0.0,0.0010121457489878543,0.996969696969697,6.280189400073141,15,100
0.0012145748987854252,0.0,1.0,0.0,0.0,0.7,0,4934,6,10,0.0,0.0012145748987854252,0.9967676767676767,6.280189400073141,15,100
0.0012145748987854252,0.0,1.0,0.0,0.0,0.75,0,4934,6,10,0.0,0.0012145748987854252,0.9967676767676767,6.280189400073141,15,100
0.001417004048582996,0.0,1.0,0.0,0.0,0.8,0,4933,7,10,0.0,0.001417004048582996,0.9965656565656565,6.280189400073141,15,100
0.001417004048582996,0.0,1.0,0.0,0.0,0.85,0,4933,7,10,0.0,0.001417004048582996,0.9965656565656565,6.280189400073141,15,100
0.01437246963562753,0.2,0.9726027397260274,0.0273972602739726,0.2,0.9,2,4869,71,8,0.2,0.01437246963562753,0.984040404040404,6.280189400073141,15,100
0.019635627530364373,0.2,0.9797979797979798,0.020202020202020204,0.2,0.95,2,4843,97,8,0.2,0.019635627530364373,0.9787878787878788,6.280189400073141,15,100
0.9987854251012146,1.0,0.9979773462783171,0.0020226537216828477,1.0,1.0,10,6,4934,0,1.0,0.9987854251012146,0.0032323232323232323,6.280189400073141,15,100
0.0,0.0,0.0,,0.0,0.05,0,4940,0,10,0.0,0.0,0.997979797979798,6.062955399975181,16,100
0.0,0.0,0.0,,0.0,0.1,0,4940,0,10,0.0,0.0,0.997979797979798,6.062955399975181,16,100
0.0,0.0,0.0,,0.0,0.15,0,4940,0,10,0.0,0.0,0.997979797979798,6.062955399975181,16,100
0.0006072874493927126,0.1,0.75,0.25,0.1,0.2,1,4937,3,9,0.1,0.0006072874493927126,0.9975757575757576,6.062955399975181,16,100
0.0006072874493927126,0.1,0.75,0.25,0.1,0.25,1,4937,3,9,0.1,0.0006072874493927126,0.9975757575757576,6.062955399975181,16,100
0.0006072874493927126,0.1,0.75,0.25,0.1,0.3,1,4937,3,9,0.1,0.0006072874493927126,0.9975757575757576,6.062955399975181,16,100
0.0006072874493927126,0.1,0.75,0.25,0.1,0.35,1,4937,3,9,0.1,0.0006072874493927126,0.9975757575757576,6.062955399975181,16,100
0.0012145748987854252,0.1,0.8571428571428571,0.14285714285714285,0.1,0.4,1,4934,6,9,0.1,0.0012145748987854252,0.996969696969697,6.062955399975181,16,100
0.001417004048582996,0.1,0.875,0.125,0.1,0.45,1,4933,7,9,0.1,0.001417004048582996,0.9967676767676767,6.062955399975181,16,100
0.010728744939271255,0.1,0.9814814814814815,0.018518518518518517,0.1,0.5,1,4887,53,9,0.1,0.010728744939271255,0.9874747474747475,6.062955399975181,16,100
0.010728744939271255,0.1,0.9814814814814815,0.018518518518518517,0.1,0.55,1,4887,53,9,0.1,0.010728744939271255,0.9874747474747475,6.062955399975181,16,100
0.012550607287449392,0.1,0.9841269841269841,0.015873015873015872,0.1,0.6,1,4878,62,9,0.1,0.012550607287449392,0.9856565656565657,6.062955399975181,16,100
0.01659919028340081,0.1,0.9879518072289156,0.012048192771084338,0.1,0.65,1,4858,82,9,0.1,0.01659919028340081,0.9816161616161616,6.062955399975181,16,100
0.01680161943319838,0.1,0.9880952380952381,0.011904761904761904,0.1,0.7,1,4857,83,9,0.1,0.01680161943319838,0.9814141414141414,6.062955399975181,16,100
0.03178137651821862,0.1,0.9936708860759493,0.006329113924050633,0.1,0.75,1,4783,157,9,0.1,0.03178137651821862,0.9664646464646465,6.062955399975181,16,100
0.04129554655870445,0.1,0.9951219512195122,0.004878048780487805,0.1,0.8,1,4736,204,9,0.1,0.04129554655870445,0.9569696969696969,6.062955399975181,16,100
0.0742914979757085,0.4,0.9892183288409704,0.01078167115902965,0.4,0.85,4,4573,367,6,0.4,0.0742914979757085,0.9246464646464646,6.062955399975181,16,100
0.24251012145748987,0.6,0.9950166112956811,0.0049833887043189366,0.6,0.9,6,3742,1198,4,0.6,0.24251012145748987,0.7571717171717172,6.062955399975181,16,100
0.5135627530364373,0.9,0.9964650432050275,0.003534956794972506,0.9,0.95,9,2403,2537,1,0.9,0.5135627530364373,0.48727272727272725,6.062955399975181,16,100
0.9983805668016195,1.0,0.9979765277215702,0.0020234722784297854,1.0,1.0,10,8,4932,0,1.0,0.9983805668016195,0.0036363636363636364,6.062955399975181,16,100
0.0,0.1,0.0,1.0,0.1,0.05,1,4940,0,9,0.1,0.0,0.9981818181818182,6.315469000022858,17,100
0.0,0.1,0.0,1.0,0.1,0.1,1,4940,0,9,0.1,0.0,0.9981818181818182,6.315469000022858,17,100
0.0,0.1,0.0,1.0,0.1,0.15,1,4940,0,9,0.1,0.0,0.9981818181818182,6.315469000022858,17,100
0.0,0.1,0.0,1.0,0.1,0.2,1,4940,0,9,0.1,0.0,0.9981818181818182,6.315469000022858,17,100
0.0,0.1,0.0,1.0,0.1,0.25,1,4940,0,9,0.1,0.0,0.9981818181818182,6.315469000022858,17,100
0.0,0.1,0.0,1.0,0.1,0.3,1,4940,0,9,0.1,0.0,0.9981818181818182,6.315469000022858,17,100
0.0,0.1,0.0,1.0,0.1,0.35,1,4940,0,9,0.1,0.0,0.9981818181818182,6.315469000022858,17,100
0.0,0.1,0.0,1.0,0.1,0.4,1,4940,0,9,0.1,0.0,0.9981818181818182,6.315469000022858,17,100
0.0,0.1,0.0,1.0,0.1,0.45,1,4940,0,9,0.1,0.0,0.9981818181818182,6.315469000022858,17,100
0.0,0.1,0.0,1.0,0.1,0.5,1,4940,0,9,0.1,0.0,0.9981818181818182,6.315469000022858,17,100
0.0,0.1,0.0,1.0,0.1,0.55,1,4940,0,9,0.1,0.0,0.9981818181818182,6.315469000022858,17,100
0.0038461538461538464,0.1,0.95,0.05,0.1,0.6,1,4921,19,9,0.1,0.0038461538461538464,0.9943434343434343,6.315469000022858,17,100
0.005060728744939271,0.2,0.9259259259259259,0.07407407407407407,0.2,0.65,2,4915,25,8,0.2,0.005060728744939271,0.9933333333333333,6.315469000022858,17,100
0.005060728744939271,0.2,0.9259259259259259,0.07407407407407407,0.2,0.7,2,4915,25,8,0.2,0.005060728744939271,0.9933333333333333,6.315469000022858,17,100
0.02206477732793522,0.4,0.9646017699115044,0.035398230088495575,0.4,0.75,4,4831,109,6,0.4,0.02206477732793522,0.9767676767676767,6.315469000022858,17,100
0.02651821862348178,0.5,0.9632352941176471,0.03676470588235294,0.5,0.8,5,4809,131,5,0.5,0.02651821862348178,0.9725252525252526,6.315469000022858,17,100
0.031983805668016195,0.5,0.9693251533742331,0.03067484662576687,0.5,0.85,5,4782,158,5,0.5,0.031983805668016195,0.9670707070707071,6.315469000022858,17,100
0.058299595141700404,0.6,0.9795918367346939,0.02040816326530612,0.6,0.9,6,4652,288,4,0.6,0.058299595141700404,0.941010101010101,6.315469000022858,17,100
0.06983805668016195,0.6,0.9829059829059829,0.017094017094017096,0.6,0.95,6,4595,345,4,0.6,0.06983805668016195,0.9294949494949495,6.315469000022858,17,100
0.998582995951417,1.0,0.9979769370827433,0.0020230629172567267,1.0,1.0,10,7,4933,0,1.0,0.998582995951417,0.0034343434343434343,6.315469000022858,17,100
0.0,0.0,0.0,,0.0,0.05,0,4940,0,10,0.0,0.0,0.997979797979798,6.326982999918982,18,100
0.0,0.0,0.0,,0.0,0.1,0,4940,0,10,0.0,0.0,0.997979797979798,6.326982999918982,18,100
0.0,0.0,0.0,,0.0,0.15,0,4940,0,10,0.0,0.0,0.997979797979798,6.326982999918982,18,100
0.0,0.0,0.0,,0.0,0.2,0,4940,0,10,0.0,0.0,0.997979797979798,6.326982999918982,18,100
0.0,0.0,0.0,,0.0,0.25,0,4940,0,10,0.0,0.0,0.997979797979798,6.326982999918982,18,100
0.0,0.0,0.0,,0.0,0.3,0,4940,0,10,0.0,0.0,0.997979797979798,6.326982999918982,18,100
0.0,0.0,0.0,,0.0,0.35,0,4940,0,10,0.0,0.0,0.997979797979798,6.326982999918982,18,100
0.0,0.0,0.0,,0.0,0.4,0,4940,0,10,0.0,0.0,0.997979797979798,6.326982999918982,18,100
0.0,0.0,0.0,,0.0,0.45,0,4940,0,10,0.0,0.0,0.997979797979798,6.326982999918982,18,100
0.0,0.0,0.0,,0.0,0.5,0,4940,0,10,0.0,0.0,0.997979797979798,6.326982999918982,18,100
0.00020242914979757084,0.0,1.0,0.0,0.0,0.55,0,4939,1,10,0.0,0.00020242914979757084,0.9977777777777778,6.326982999918982,18,100
0.00020242914979757084,0.0,1.0,0.0,0.0,0.6,0,4939,1,10,0.0,0.00020242914979757084,0.9977777777777778,6.326982999918982,18,100
0.00020242914979757084,0.0,1.0,0.0,0.0,0.65,0,4939,1,10,0.0,0.00020242914979757084,0.9977777777777778,6.326982999918982,18,100
0.00020242914979757084,0.0,1.0,0.0,0.0,0.7,0,4939,1,10,0.0,0.00020242914979757084,0.9977777777777778,6.326982999918982,18,100
0.00020242914979757084,0.0,1.0,0.0,0.0,0.75,0,4939,1,10,0.0,0.00020242914979757084,0.9977777777777778,6.326982999918982,18,100
0.00020242914979757084,0.0,1.0,0.0,0.0,0.8,0,4939,1,10,0.0,0.00020242914979757084,0.9977777777777778,6.326982999918982,18,100
0.00020242914979757084,0.0,1.0,0.0,0.0,0.85,0,4939,1,10,0.0,0.00020242914979757084,0.9977777777777778,6.326982999918982,18,100
0.0010121457489878543,0.0,1.0,0.0,0.0,0.9,0,4935,5,10,0.0,0.0010121457489878543,0.996969696969697,6.326982999918982,18,100
0.005060728744939271,0.1,0.9615384615384616,0.038461538461538464,0.1,0.95,1,4915,25,9,0.1,0.005060728744939271,0.9931313131313131,6.326982999918982,18,100
0.9987854251012146,1.0,0.9979773462783171,0.0020226537216828477,1.0,1.0,10,6,4934,0,1.0,0.9987854251012146,0.0032323232323232323,6.326982999918982,18,100
0.0,0.0,0.0,,0.0,0.05,0,4940,0,10,0.0,0.0,0.997979797979798,6.229392600012943,19,100
0.0,0.0,0.0,,0.0,0.1,0,4940,0,10,0.0,0.0,0.997979797979798,6.229392600012943,19,100
0.0,0.0,0.0,,0.0,0.15,0,4940,0,10,0.0,0.0,0.997979797979798,6.229392600012943,19,100
0.0,0.0,0.0,,0.0,0.2,0,4940,0,10,0.0,0.0,0.997979797979798,6.229392600012943,19,100
0.0,0.0,0.0,,0.0,0.25,0,4940,0,10,0.0,0.0,0.997979797979798,6.229392600012943,19,100
0.0,0.0,0.0,,0.0,0.3,0,4940,0,10,0.0,0.0,0.997979797979798,6.229392600012943,19,100
0.0,0.0,0.0,,0.0,0.35,0,4940,0,10,0.0,0.0,0.997979797979798,6.229392600012943,19,100
0.0,0.0,0.0,,0.0,0.4,0,4940,0,10,0.0,0.0,0.997979797979798,6.229392600012943,19,100
0.0,0.0,0.0,,0.0,0.45,0,4940,0,10,0.0,0.0,0.997979797979798,6.229392600012943,19,100
0.0,0.0,0.0,,0.0,0.5,0,4940,0,10,0.0,0.0,0.997979797979798,6.229392600012943,19,100
0.0,0.0,0.0,,0.0,0.55,0,4940,0,10,0.0,0.0,0.997979797979798,6.229392600012943,19,100
0.0,0.0,0.0,,0.0,0.6,0,4940,0,10,0.0,0.0,0.997979797979798,6.229392600012943,19,100
0.0,0.0,0.0,,0.0,0.65,0,4940,0,10,0.0,0.0,0.997979797979798,6.229392600012943,19,100
0.0,0.0,0.0,,0.0,0.7,0,4940,0,10,0.0,0.0,0.997979797979798,6.229392600012943,19,100
0.0,0.0,0.0,,0.0,0.75,0,4940,0,10,0.0,0.0,0.997979797979798,6.229392600012943,19,100
0.0,0.0,0.0,,0.0,0.8,0,4940,0,10,0.0,0.0,0.997979797979798,6.229392600012943,19,100
0.0,0.0,0.0,,0.0,0.85,0,4940,0,10,0.0,0.0,0.997979797979798,6.229392600012943,19,100
0.002631578947368421,0.1,0.9285714285714286,0.07142857142857142,0.1,0.9,1,4927,13,9,0.1,0.002631578947368421,0.9955555555555555,6.229392600012943,19,100
0.031983805668016195,0.3,0.9813664596273292,0.018633540372670808,0.3,0.95,3,4782,158,7,0.3,0.031983805668016195,0.9666666666666667,6.229392600012943,19,100
0.03967611336032389,0.3,0.9849246231155779,0.01507537688442211,0.3,1.0,3,4744,196,7,0.3,0.03967611336032389,0.958989898989899,6.229392600012943,19,100
0.00020242914979757084,0.0,1.0,0.0,0.0,0.05,0,4939,1,10,0.0,0.00020242914979757084,0.9977777777777778,6.32924059999641,20,100
0.00020242914979757084,0.0,1.0,0.0,0.0,0.1,0,4939,1,10,0.0,0.00020242914979757084,0.9977777777777778,6.32924059999641,20,100
0.00020242914979757084,0.0,1.0,0.0,0.0,0.15,0,4939,1,10,0.0,0.00020242914979757084,0.9977777777777778,6.32924059999641,20,100
0.00020242914979757084,0.0,1.0,0.0,0.0,0.2,0,4939,1,10,0.0,0.00020242914979757084,0.9977777777777778,6.32924059999641,20,100
0.0004048582995951417,0.0,1.0,0.0,0.0,0.25,0,4938,2,10,0.0,0.0004048582995951417,0.9975757575757576,6.32924059999641,20,100
0.0006072874493927126,0.1,0.75,0.25,0.1,0.3,1,4937,3,9,0.1,0.0006072874493927126,0.9975757575757576,6.32924059999641,20,100
0.0006072874493927126,0.1,0.75,0.25,0.1,0.35,1,4937,3,9,0.1,0.0006072874493927126,0.9975757575757576,6.32924059999641,20,100
0.0008097165991902834,0.1,0.8,0.2,0.1,0.4,1,4936,4,9,0.1,0.0008097165991902834,0.9973737373737374,6.32924059999641,20,100
0.0012145748987854252,0.1,0.8571428571428571,0.14285714285714285,0.1,0.45,1,4934,6,9,0.1,0.0012145748987854252,0.996969696969697,6.32924059999641,20,100
0.001417004048582996,0.1,0.875,0.125,0.1,0.5,1,4933,7,9,0.1,0.001417004048582996,0.9967676767676767,6.32924059999641,20,100
0.0018218623481781376,0.1,0.9,0.1,0.1,0.55,1,4931,9,9,0.1,0.0018218623481781376,0.9963636363636363,6.32924059999641,20,100
0.0018218623481781376,0.1,0.9,0.1,0.1,0.6,1,4931,9,9,0.1,0.0018218623481781376,0.9963636363636363,6.32924059999641,20,100
0.003036437246963563,0.1,0.9375,0.0625,0.1,0.65,1,4925,15,9,0.1,0.003036437246963563,0.9951515151515151,6.32924059999641,20,100
0.003036437246963563,0.1,0.9375,0.0625,0.1,0.7,1,4925,15,9,0.1,0.003036437246963563,0.9951515151515151,6.32924059999641,20,100
0.011336032388663968,0.1,0.9824561403508771,0.017543859649122806,0.1,0.75,1,4884,56,9,0.1,0.011336032388663968,0.9868686868686869,6.32924059999641,20,100
0.013360323886639677,0.1,0.9850746268656716,0.014925373134328358,0.1,0.8,1,4874,66,9,0.1,0.013360323886639677,0.9848484848484849,6.32924059999641,20,100
0.01639676113360324,0.1,0.9878048780487805,0.012195121951219513,0.1,0.85,1,4859,81,9,0.1,0.01639676113360324,0.9818181818181818,6.32924059999641,20,100
0.018218623481781375,0.1,0.989010989010989,0.01098901098901099,0.1,0.9,1,4850,90,9,0.1,0.018218623481781375,0.98,6.32924059999641,20,100
0.06781376518218624,0.2,0.9940652818991098,0.005934718100890208,0.2,0.95,2,4605,335,8,0.2,0.06781376518218624,0.9307070707070707,6.32924059999641,20,100
0.8315789473684211,1.0,0.9975716367168529,0.0024283632831471587,1.0,1.0,10,832,4108,0,1.0,0.8315789473684211,0.1701010101010101,6.32924059999641,20,100
0.0,0.1,0.0,1.0,0.1,0.05,1,4940,0,9,0.1,0.0,0.9981818181818182,6.232349699945189,21,100
0.00020242914979757084,0.1,0.5,0.5,0.1,0.1,1,4939,1,9,0.1,0.00020242914979757084,0.997979797979798,6.232349699945189,21,100
0.0004048582995951417,0.1,0.6666666666666666,0.3333333333333333,0.1,0.15,1,4938,2,9,0.1,0.0004048582995951417,0.9977777777777778,6.232349699945189,21,100
0.0004048582995951417,0.1,0.6666666666666666,0.3333333333333333,0.1,0.2,1,4938,2,9,0.1,0.0004048582995951417,0.9977777777777778,6.232349699945189,21,100
0.0004048582995951417,0.1,0.6666666666666666,0.3333333333333333,0.1,0.25,1,4938,2,9,0.1,0.0004048582995951417,0.9977777777777778,6.232349699945189,21,100
0.0004048582995951417,0.1,0.6666666666666666,0.3333333333333333,0.1,0.3,1,4938,2,9,0.1,0.0004048582995951417,0.9977777777777778,6.232349699945189,21,100
0.0004048582995951417,0.1,0.6666666666666666,0.3333333333333333,0.1,0.35,1,4938,2,9,0.1,0.0004048582995951417,0.9977777777777778,6.232349699945189,21,100
0.0018218623481781376,0.2,0.8181818181818182,0.18181818181818182,0.2,0.4,2,4931,9,8,0.2,0.0018218623481781376,0.9965656565656565,6.232349699945189,21,100
0.0018218623481781376,0.2,0.8181818181818182,0.18181818181818182,0.2,0.45,2,4931,9,8,0.2,0.0018218623481781376,0.9965656565656565,6.232349699945189,21,100
0.0018218623481781376,0.2,0.8181818181818182,0.18181818181818182,0.2,0.5,2,4931,9,8,0.2,0.0018218623481781376,0.9965656565656565,6.232349699945189,21,100
0.002834008097165992,0.2,0.875,0.125,0.2,0.55,2,4926,14,8,0.2,0.002834008097165992,0.9955555555555555,6.232349699945189,21,100
0.003036437246963563,0.2,0.8823529411764706,0.11764705882352941,0.2,0.6,2,4925,15,8,0.2,0.003036437246963563,0.9953535353535353,6.232349699945189,21,100
0.034817813765182185,0.3,0.9828571428571429,0.017142857142857144,0.3,0.65,3,4768,172,7,0.3,0.034817813765182185,0.9638383838383838,6.232349699945189,21,100
0.04838056680161943,0.3,0.987603305785124,0.012396694214876033,0.3,0.7,3,4701,239,7,0.3,0.04838056680161943,0.9503030303030303,6.232349699945189,21,100
0.07732793522267206,0.4,0.9896373056994818,0.010362694300518135,0.4,0.75,4,4558,382,6,0.4,0.07732793522267206,0.9216161616161617,6.232349699945189,21,100
0.11639676113360324,0.4,0.9930915371329879,0.0069084628670120895,0.4,0.8,4,4365,575,6,0.4,0.11639676113360324,0.8826262626262626,6.232349699945189,21,100
0.16740890688259108,0.5,0.9939903846153846,0.006009615384615385,0.5,0.85,5,4113,827,5,0.5,0.16740890688259108,0.831919191919192,6.232349699945189,21,100
0.3819838056680162,0.6,0.9968304278922345,0.003169572107765452,0.6,0.9,6,3053,1887,4,0.6,0.3819838056680162,0.617979797979798,6.232349699945189,21,100
0.5568825910931174,0.8,0.9971003986951794,0.002899601304820587,0.8,0.95,8,2189,2751,2,0.8,0.5568825910931174,0.44383838383838387,6.232349699945189,21,100
0.9935222672064777,1.0,0.9979666531110207,0.0020333468889792597,1.0,1.0,10,32,4908,0,1.0,0.9935222672064777,0.008484848484848486,6.232349699945189,21,100
0.00020242914979757084,0.1,0.5,0.5,0.1,0.05,1,4939,1,9,0.1,0.00020242914979757084,0.997979797979798,6.237797699985094,22,100
0.00020242914979757084,0.1,0.5,0.5,0.1,0.1,1,4939,1,9,0.1,0.00020242914979757084,0.997979797979798,6.237797699985094,22,100
0.00020242914979757084,0.1,0.5,0.5,0.1,0.15,1,4939,1,9,0.1,0.00020242914979757084,0.997979797979798,6.237797699985094,22,100
0.0004048582995951417,0.1,0.6666666666666666,0.3333333333333333,0.1,0.2,1,4938,2,9,0.1,0.0004048582995951417,0.9977777777777778,6.237797699985094,22,100
0.0010121457489878543,0.1,0.8333333333333334,0.16666666666666666,0.1,0.25,1,4935,5,9,0.1,0.0010121457489878543,0.9971717171717172,6.237797699985094,22,100
0.001417004048582996,0.1,0.875,0.125,0.1,0.3,1,4933,7,9,0.1,0.001417004048582996,0.9967676767676767,6.237797699985094,22,100
0.001417004048582996,0.1,0.875,0.125,0.1,0.35,1,4933,7,9,0.1,0.001417004048582996,0.9967676767676767,6.237797699985094,22,100
0.001417004048582996,0.1,0.875,0.125,0.1,0.4,1,4933,7,9,0.1,0.001417004048582996,0.9967676767676767,6.237797699985094,22,100
0.0024291497975708503,0.1,0.9230769230769231,0.07692307692307693,0.1,0.45,1,4928,12,9,0.1,0.0024291497975708503,0.9957575757575757,6.237797699985094,22,100
0.0024291497975708503,0.1,0.9230769230769231,0.07692307692307693,0.1,0.5,1,4928,12,9,0.1,0.0024291497975708503,0.9957575757575757,6.237797699985094,22,100
0.0038461538461538464,0.1,0.95,0.05,0.1,0.55,1,4921,19,9,0.1,0.0038461538461538464,0.9943434343434343,6.237797699985094,22,100
0.0038461538461538464,0.1,0.95,0.05,0.1,0.6,1,4921,19,9,0.1,0.0038461538461538464,0.9943434343434343,6.237797699985094,22,100
0.006072874493927126,0.2,0.9375,0.0625,0.2,0.65,2,4910,30,8,0.2,0.006072874493927126,0.9923232323232323,6.237797699985094,22,100
0.006072874493927126,0.2,0.9375,0.0625,0.2,0.7,2,4910,30,8,0.2,0.006072874493927126,0.9923232323232323,6.237797699985094,22,100
0.006072874493927126,0.2,0.9375,0.0625,0.2,0.75,2,4910,30,8,0.2,0.006072874493927126,0.9923232323232323,6.237797699985094,22,100
0.015991902834008098,0.2,0.9753086419753086,0.024691358024691357,0.2,0.8,2,4861,79,8,0.2,0.015991902834008098,0.9824242424242424,6.237797699985094,22,100
0.01680161943319838,0.2,0.9764705882352941,0.023529411764705882,0.2,0.85,2,4857,83,8,0.2,0.01680161943319838,0.9816161616161616,6.237797699985094,22,100
0.05668016194331984,0.4,0.9859154929577465,0.014084507042253521,0.4,0.9,4,4660,280,6,0.4,0.05668016194331984,0.9422222222222222,6.237797699985094,22,100
0.20526315789473684,0.7,0.9931439764936337,0.0068560235063663075,0.7,0.95,7,3926,1014,3,0.7,0.20526315789473684,0.7945454545454546,6.237797699985094,22,100
0.9987854251012146,1.0,0.9979773462783171,0.0020226537216828477,1.0,1.0,10,6,4934,0,1.0,0.9987854251012146,0.0032323232323232323,6.237797699985094,22,100
0.0,0.0,0.0,,0.0,0.05,0,4940,0,10,0.0,0.0,0.997979797979798,6.193164800060913,23,100
0.0,0.0,0.0,,0.0,0.1,0,4940,0,10,0.0,0.0,0.997979797979798,6.193164800060913,23,100
0.0,0.0,0.0,,0.0,0.15,0,4940,0,10,0.0,0.0,0.997979797979798,6.193164800060913,23,100
0.00020242914979757084,0.0,1.0,0.0,0.0,0.2,0,4939,1,10,0.0,0.00020242914979757084,0.9977777777777778,6.193164800060913,23,100
0.00020242914979757084,0.0,1.0,0.0,0.0,0.25,0,4939,1,10,0.0,0.00020242914979757084,0.9977777777777778,6.193164800060913,23,100
0.00020242914979757084,0.0,1.0,0.0,0.0,0.3,0,4939,1,10,0.0,0.00020242914979757084,0.9977777777777778,6.193164800060913,23,100
0.00020242914979757084,0.0,1.0,0.0,0.0,0.35,0,4939,1,10,0.0,0.00020242914979757084,0.9977777777777778,6.193164800060913,23,100
0.00020242914979757084,0.0,1.0,0.0,0.0,0.4,0,4939,1,10,0.0,0.00020242914979757084,0.9977777777777778,6.193164800060913,23,100
0.00020242914979757084,0.0,1.0,0.0,0.0,0.45,0,4939,1,10,0.0,0.00020242914979757084,0.9977777777777778,6.193164800060913,23,100
0.00020242914979757084,0.0,1.0,0.0,0.0,0.5,0,4939,1,10,0.0,0.00020242914979757084,0.9977777777777778,6.193164800060913,23,100
0.00020242914979757084,0.0,1.0,0.0,0.0,0.55,0,4939,1,10,0.0,0.00020242914979757084,0.9977777777777778,6.193164800060913,23,100
0.00020242914979757084,0.0,1.0,0.0,0.0,0.6,0,4939,1,10,0.0,0.00020242914979757084,0.9977777777777778,6.193164800060913,23,100
0.00020242914979757084,0.0,1.0,0.0,0.0,0.65,0,4939,1,10,0.0,0.00020242914979757084,0.9977777777777778,6.193164800060913,23,100
0.00020242914979757084,0.0,1.0,0.0,0.0,0.7,0,4939,1,10,0.0,0.00020242914979757084,0.9977777777777778,6.193164800060913,23,100
0.00020242914979757084,0.0,1.0,0.0,0.0,0.75,0,4939,1,10,0.0,0.00020242914979757084,0.9977777777777778,6.193164800060913,23,100
0.00020242914979757084,0.0,1.0,0.0,0.0,0.8,0,4939,1,10,0.0,0.00020242914979757084,0.9977777777777778,6.193164800060913,23,100
0.00020242914979757084,0.0,1.0,0.0,0.0,0.85,0,4939,1,10,0.0,0.00020242914979757084,0.9977777777777778,6.193164800060913,23,100
0.009919028340080972,0.0,1.0,0.0,0.0,0.9,0,4891,49,10,0.0,0.009919028340080972,0.9880808080808081,6.193164800060913,23,100
0.009919028340080972,0.0,1.0,0.0,0.0,0.95,0,4891,49,10,0.0,0.009919028340080972,0.9880808080808081,6.193164800060913,23,100
0.9989878542510121,1.0,0.9979777553083923,0.0020222446916076846,1.0,1.0,10,5,4935,0,1.0,0.9989878542510121,0.0030303030303030303,6.193164800060913,23,100
0.0,0.0,0.0,,0.0,0.05,0,4940,0,10,0.0,0.0,0.997979797979798,6.159956600051373,24,100
0.0,0.0,0.0,,0.0,0.1,0,4940,0,10,0.0,0.0,0.997979797979798,6.159956600051373,24,100
0.0004048582995951417,0.0,1.0,0.0,0.0,0.15,0,4938,2,10,0.0,0.0004048582995951417,0.9975757575757576,6.159956600051373,24,100
0.0004048582995951417,0.0,1.0,0.0,0.0,0.2,0,4938,2,10,0.0,0.0004048582995951417,0.9975757575757576,6.159956600051373,24,100
0.0004048582995951417,0.0,1.0,0.0,0.0,0.25,0,4938,2,10,0.0,0.0004048582995951417,0.9975757575757576,6.159956600051373,24,100
0.0006072874493927126,0.0,1.0,0.0,0.0,0.3,0,4937,3,10,0.0,0.0006072874493927126,0.9973737373737374,6.159956600051373,24,100
0.0006072874493927126,0.0,1.0,0.0,0.0,0.35,0,4937,3,10,0.0,0.0006072874493927126,0.9973737373737374,6.159956600051373,24,100
0.0006072874493927126,0.0,1.0,0.0,0.0,0.4,0,4937,3,10,0.0,0.0006072874493927126,0.9973737373737374,6.159956600051373,24,100
0.0008097165991902834,0.0,1.0,0.0,0.0,0.45,0,4936,4,10,0.0,0.0008097165991902834,0.9971717171717172,6.159956600051373,24,100
0.0008097165991902834,0.0,1.0,0.0,0.0,0.5,0,4936,4,10,0.0,0.0008097165991902834,0.9971717171717172,6.159956600051373,24,100
0.0008097165991902834,0.0,1.0,0.0,0.0,0.55,0,4936,4,10,0.0,0.0008097165991902834,0.9971717171717172,6.159956600051373,24,100
0.014777327935222672,0.1,0.9864864864864865,0.013513513513513514,0.1,0.6,1,4867,73,9,0.1,0.014777327935222672,0.9834343434343434,6.159956600051373,24,100
0.015182186234817813,0.1,0.9868421052631579,0.013157894736842105,0.1,0.65,1,4865,75,9,0.1,0.015182186234817813,0.983030303030303,6.159956600051373,24,100
0.020850202429149797,0.1,0.9903846153846154,0.009615384615384616,0.1,0.7,1,4837,103,9,0.1,0.020850202429149797,0.9773737373737373,6.159956600051373,24,100
0.027125506072874495,0.1,0.9925925925925926,0.007407407407407408,0.1,0.75,1,4806,134,9,0.1,0.027125506072874495,0.9711111111111111,6.159956600051373,24,100
0.06336032388663967,0.1,0.9968152866242038,0.0031847133757961785,0.1,0.8,1,4627,313,9,0.1,0.06336032388663967,0.934949494949495,6.159956600051373,24,100
0.155668016194332,0.3,0.9961139896373057,0.0038860103626943004,0.3,0.85,3,4171,769,7,0.3,0.155668016194332,0.8432323232323232,6.159956600051373,24,100
0.36255060728744937,0.7,0.9961067853170189,0.00389321468298109,0.7,0.9,7,3149,1791,3,0.7,0.36255060728744937,0.6375757575757576,6.159956600051373,24,100
0.6066801619433199,0.9,0.9970059880239521,0.0029940119760479044,0.9,0.95,9,1943,2997,1,0.9,0.6066801619433199,0.39434343434343433,6.159956600051373,24,100
0.9993927125506072,1.0,0.997978572872448,0.002021427127552052,1.0,1.0,10,3,4937,0,1.0,0.9993927125506072,0.0026262626262626263,6.159956600051373,24,100
0.0,0.0,0.0,,0.0,0.05,0,4940,0,10,0.0,0.0,0.997979797979798,6.139849500032142,25,100
0.0,0.0,0.0,,0.0,0.1,0,4940,0,10,0.0,0.0,0.997979797979798,6.139849500032142,25,100
0.00020242914979757084,0.0,1.0,0.0,0.0,0.15,0,4939,1,10,0.0,0.00020242914979757084,0.9977777777777778,6.139849500032142,25,100
0.00020242914979757084,0.1,0.5,0.5,0.1,0.2,1,4939,1,9,0.1,0.00020242914979757084,0.997979797979798,6.139849500032142,25,100
0.0004048582995951417,0.1,0.6666666666666666,0.3333333333333333,0.1,0.25,1,4938,2,9,0.1,0.0004048582995951417,0.9977777777777778,6.139849500032142,25,100
0.0006072874493927126,0.1,0.75,0.25,0.1,0.3,1,4937,3,9,0.1,0.0006072874493927126,0.9975757575757576,6.139849500032142,25,100
0.0006072874493927126,0.1,0.75,0.25,0.1,0.35,1,4937,3,9,0.1,0.0006072874493927126,0.9975757575757576,6.139849500032142,25,100
0.0006072874493927126,0.1,0.75,0.25,0.1,0.4,1,4937,3,9,0.1,0.0006072874493927126,0.9975757575757576,6.139849500032142,25,100
0.0006072874493927126,0.1,0.75,0.25,0.1,0.45,1,4937,3,9,0.1,0.0006072874493927126,0.9975757575757576,6.139849500032142,25,100
0.0006072874493927126,0.1,0.75,0.25,0.1,0.5,1,4937,3,9,0.1,0.0006072874493927126,0.9975757575757576,6.139849500032142,25,100
0.0006072874493927126,0.1,0.75,0.25,0.1,0.55,1,4937,3,9,0.1,0.0006072874493927126,0.9975757575757576,6.139849500032142,25,100
0.0006072874493927126,0.1,0.75,0.25,0.1,0.6,1,4937,3,9,0.1,0.0006072874493927126,0.9975757575757576,6.139849500032142,25,100
0.0006072874493927126,0.1,0.75,0.25,0.1,0.65,1,4937,3,9,0.1,0.0006072874493927126,0.9975757575757576,6.139849500032142,25,100
0.0006072874493927126,0.1,0.75,0.25,0.1,0.7,1,4937,3,9,0.1,0.0006072874493927126,0.9975757575757576,6.139849500032142,25,100
0.0006072874493927126,0.1,0.75,0.25,0.1,0.75,1,4937,3,9,0.1,0.0006072874493927126,0.9975757575757576,6.139849500032142,25,100
0.0006072874493927126,0.1,0.75,0.25,0.1,0.8,1,4937,3,9,0.1,0.0006072874493927126,0.9975757575757576,6.139849500032142,25,100
0.0006072874493927126,0.1,0.75,0.25,0.1,0.85,1,4937,3,9,0.1,0.0006072874493927126,0.9975757575757576,6.139849500032142,25,100
0.018218623481781375,0.2,0.9782608695652174,0.021739130434782608,0.2,0.9,2,4850,90,8,0.2,0.018218623481781375,0.9802020202020202,6.139849500032142,25,100
0.020850202429149797,0.2,0.9809523809523809,0.01904761904761905,0.2,0.95,2,4837,103,8,0.2,0.020850202429149797,0.9775757575757575,6.139849500032142,25,100
0.998582995951417,1.0,0.9979769370827433,0.0020230629172567267,1.0,1.0,10,7,4933,0,1.0,0.998582995951417,0.0034343434343434343,6.139849500032142,25,100
0.00020242914979757084,0.0,1.0,0.0,0.0,0.05,0,4939,1,10,0.0,0.00020242914979757084,0.9977777777777778,6.404360000044107,26,100
0.0004048582995951417,0.1,0.6666666666666666,0.3333333333333333,0.1,0.1,1,4938,2,9,0.1,0.0004048582995951417,0.9977777777777778,6.404360000044107,26,100
0.0006072874493927126,0.1,0.75,0.25,0.1,0.15,1,4937,3,9,0.1,0.0006072874493927126,0.9975757575757576,6.404360000044107,26,100
0.0008097165991902834,0.1,0.8,0.2,0.1,0.2,1,4936,4,9,0.1,0.0008097165991902834,0.9973737373737374,6.404360000044107,26,100
0.0010121457489878543,0.1,0.8333333333333334,0.16666666666666666,0.1,0.25,1,4935,5,9,0.1,0.0010121457489878543,0.9971717171717172,6.404360000044107,26,100
0.001417004048582996,0.1,0.875,0.125,0.1,0.3,1,4933,7,9,0.1,0.001417004048582996,0.9967676767676767,6.404360000044107,26,100
0.0016194331983805667,0.1,0.8888888888888888,0.1111111111111111,0.1,0.35,1,4932,8,9,0.1,0.0016194331983805667,0.9965656565656565,6.404360000044107,26,100
0.0016194331983805667,0.1,0.8888888888888888,0.1111111111111111,0.1,0.4,1,4932,8,9,0.1,0.0016194331983805667,0.9965656565656565,6.404360000044107,26,100
0.0016194331983805667,0.1,0.8888888888888888,0.1111111111111111,0.1,0.45,1,4932,8,9,0.1,0.0016194331983805667,0.9965656565656565,6.404360000044107,26,100
0.0018218623481781376,0.1,0.9,0.1,0.1,0.5,1,4931,9,9,0.1,0.0018218623481781376,0.9963636363636363,6.404360000044107,26,100
0.0018218623481781376,0.1,0.9,0.1,0.1,0.55,1,4931,9,9,0.1,0.0018218623481781376,0.9963636363636363,6.404360000044107,26,100
0.0020242914979757085,0.1,0.9090909090909091,0.09090909090909091,0.1,0.6,1,4930,10,9,0.1,0.0020242914979757085,0.9961616161616161,6.404360000044107,26,100
0.008704453441295546,0.1,0.9772727272727273,0.022727272727272728,0.1,0.65,1,4897,43,9,0.1,0.008704453441295546,0.9894949494949495,6.404360000044107,26,100
0.009919028340080972,0.1,0.98,0.02,0.1,0.7,1,4891,49,9,0.1,0.009919028340080972,0.9882828282828283,6.404360000044107,26,100
0.010931174089068825,0.1,0.9818181818181818,0.01818181818181818,0.1,0.75,1,4886,54,9,0.1,0.010931174089068825,0.9872727272727273,6.404360000044107,26,100
0.014979757085020242,0.2,0.9736842105263158,0.02631578947368421,0.2,0.8,2,4866,74,8,0.2,0.014979757085020242,0.9834343434343434,6.404360000044107,26,100
0.04757085020242915,0.4,0.9832635983263598,0.016736401673640166,0.4,0.85,4,4705,235,6,0.4,0.04757085020242915,0.9513131313131313,6.404360000044107,26,100
0.08421052631578947,0.4,0.9904761904761905,0.009523809523809525,0.4,0.9,4,4524,416,6,0.4,0.08421052631578947,0.9147474747474748,6.404360000044107,26,100
0.3651821862348178,0.6,0.9966850828729282,0.0033149171270718232,0.6,0.95,6,3136,1804,4,0.6,0.3651821862348178,0.6347474747474747,6.404360000044107,26,100
0.9973684210526316,1.0,0.9979744784281953,0.0020255215718047396,1.0,1.0,10,13,4927,0,1.0,0.9973684210526316,0.004646464646464647,6.404360000044107,26,100
0.0,0.0,0.0,,0.0,0.05,0,4940,0,10,0.0,0.0,0.997979797979798,6.245962499990128,27,100
0.0,0.0,0.0,,0.0,0.1,0,4940,0,10,0.0,0.0,0.997979797979798,6.245962499990128,27,100
0.0,0.0,0.0,,0.0,0.15,0,4940,0,10,0.0,0.0,0.997979797979798,6.245962499990128,27,100
0.0,0.0,0.0,,0.0,0.2,0,4940,0,10,0.0,0.0,0.997979797979798,6.245962499990128,27,100
0.0,0.0,0.0,,0.0,0.25,0,4940,0,10,0.0,0.0,0.997979797979798,6.245962499990128,27,100
0.0,0.0,0.0,,0.0,0.3,0,4940,0,10,0.0,0.0,0.997979797979798,6.245962499990128,27,100
0.0,0.0,0.0,,0.0,0.35,0,4940,0,10,0.0,0.0,0.997979797979798,6.245962499990128,27,100
0.002834008097165992,0.1,0.9333333333333333,0.06666666666666667,0.1,0.4,1,4926,14,9,0.1,0.002834008097165992,0.9953535353535353,6.245962499990128,27,100
0.0032388663967611335,0.2,0.8888888888888888,0.1111111111111111,0.2,0.45,2,4924,16,8,0.2,0.0032388663967611335,0.9951515151515151,6.245962499990128,27,100
0.0034412955465587046,0.2,0.8947368421052632,0.10526315789473684,0.2,0.5,2,4923,17,8,0.2,0.0034412955465587046,0.9949494949494949,6.245962499990128,27,100
0.0038461538461538464,0.2,0.9047619047619048,0.09523809523809523,0.2,0.55,2,4921,19,8,0.2,0.0038461538461538464,0.9945454545454545,6.245962499990128,27,100
0.004048582995951417,0.2,0.9090909090909091,0.09090909090909091,0.2,0.6,2,4920,20,8,0.2,0.004048582995951417,0.9943434343434343,6.245962499990128,27,100
0.004048582995951417,0.2,0.9090909090909091,0.09090909090909091,0.2,0.65,2,4920,20,8,0.2,0.004048582995951417,0.9943434343434343,6.245962499990128,27,100
0.004453441295546558,0.2,0.9166666666666666,0.08333333333333333,0.2,0.7,2,4918,22,8,0.2,0.004453441295546558,0.9939393939393939,6.245962499990128,27,100
0.013765182186234818,0.3,0.9577464788732394,0.04225352112676056,0.3,0.75,3,4872,68,7,0.3,0.013765182186234818,0.9848484848484849,6.245962499990128,27,100
0.015384615384615385,0.3,0.9620253164556962,0.0379746835443038,0.3,0.8,3,4864,76,7,0.3,0.015384615384615385,0.9832323232323232,6.245962499990128,27,100
0.015587044534412956,0.3,0.9625,0.0375,0.3,0.85,3,4863,77,7,0.3,0.015587044534412956,0.983030303030303,6.245962499990128,27,100
0.01720647773279352,0.3,0.9659090909090909,0.03409090909090909,0.3,0.9,3,4855,85,7,0.3,0.01720647773279352,0.9814141414141414,6.245962499990128,27,100
0.018016194331983804,0.3,0.967391304347826,0.03260869565217391,0.3,0.95,3,4851,89,7,0.3,0.018016194331983804,0.9806060606060606,6.245962499990128,27,100
0.998582995951417,1.0,0.9979769370827433,0.0020230629172567267,1.0,1.0,10,7,4933,0,1.0,0.998582995951417,0.0034343434343434343,6.245962499990128,27,100
0.0,0.0,0.0,,0.0,0.05,0,4940,0,10,0.0,0.0,0.997979797979798,6.2379904999397695,28,100
0.0,0.0,0.0,,0.0,0.1,0,4940,0,10,0.0,0.0,0.997979797979798,6.2379904999397695,28,100
0.0,0.0,0.0,,0.0,0.15,0,4940,0,10,0.0,0.0,0.997979797979798,6.2379904999397695,28,100
0.0,0.0,0.0,,0.0,0.2,0,4940,0,10,0.0,0.0,0.997979797979798,6.2379904999397695,28,100
0.00020242914979757084,0.0,1.0,0.0,0.0,0.25,0,4939,1,10,0.0,0.00020242914979757084,0.9977777777777778,6.2379904999397695,28,100
0.00020242914979757084,0.0,1.0,0.0,0.0,0.3,0,4939,1,10,0.0,0.00020242914979757084,0.9977777777777778,6.2379904999397695,28,100
0.00020242914979757084,0.0,1.0,0.0,0.0,0.35,0,4939,1,10,0.0,0.00020242914979757084,0.9977777777777778,6.2379904999397695,28,100
0.0012145748987854252,0.0,1.0,0.0,0.0,0.4,0,4934,6,10,0.0,0.0012145748987854252,0.9967676767676767,6.2379904999397695,28,100
0.0012145748987854252,0.0,1.0,0.0,0.0,0.45,0,4934,6,10,0.0,0.0012145748987854252,0.9967676767676767,6.2379904999397695,28,100
0.0018218623481781376,0.0,1.0,0.0,0.0,0.5,0,4931,9,10,0.0,0.0018218623481781376,0.9961616161616161,6.2379904999397695,28,100
0.002226720647773279,0.0,1.0,0.0,0.0,0.55,0,4929,11,10,0.0,0.002226720647773279,0.9957575757575757,6.2379904999397695,28,100
0.0024291497975708503,0.1,0.9230769230769231,0.07692307692307693,0.1,0.6,1,4928,12,9,0.1,0.0024291497975708503,0.9957575757575757,6.2379904999397695,28,100
0.0036437246963562753,0.1,0.9473684210526315,0.05263157894736842,0.1,0.65,1,4922,18,9,0.1,0.0036437246963562753,0.9945454545454545,6.2379904999397695,28,100
0.004048582995951417,0.1,0.9523809523809523,0.047619047619047616,0.1,0.7,1,4920,20,9,0.1,0.004048582995951417,0.9941414141414141,6.2379904999397695,28,100
0.004453441295546558,0.1,0.9565217391304348,0.043478260869565216,0.1,0.75,1,4918,22,9,0.1,0.004453441295546558,0.9937373737373737,6.2379904999397695,28,100
0.012145748987854251,0.2,0.967741935483871,0.03225806451612903,0.2,0.8,2,4880,60,8,0.2,0.012145748987854251,0.9862626262626263,6.2379904999397695,28,100
0.025303643724696356,0.4,0.9689922480620154,0.031007751937984496,0.4,0.85,4,4815,125,6,0.4,0.025303643724696356,0.9735353535353536,6.2379904999397695,28,100
0.039473684210526314,0.5,0.975,0.025,0.5,0.9,5,4745,195,5,0.5,0.039473684210526314,0.9595959595959596,6.2379904999397695,28,100
0.05465587044534413,0.6,0.9782608695652174,0.021739130434782608,0.6,0.95,6,4670,270,4,0.6,0.05465587044534413,0.9446464646464646,6.2379904999397695,28,100
0.9989878542510121,1.0,0.9979777553083923,0.0020222446916076846,1.0,1.0,10,5,4935,0,1.0,0.9989878542510121,0.0030303030303030303,6.2379904999397695,28,100
0.0,0.0,0.0,,0.0,0.05,0,4940,0,10,0.0,0.0,0.997979797979798,6.396469000028446,29,100
0.0,0.0,0.0,,0.0,0.1,0,4940,0,10,0.0,0.0,0.997979797979798,6.396469000028446,29,100
0.0,0.0,0.0,,0.0,0.15,0,4940,0,10,0.0,0.0,0.997979797979798,6.396469000028446,29,100
0.0,0.0,0.0,,0.0,0.2,0,4940,0,10,0.0,0.0,0.997979797979798,6.396469000028446,29,100
0.0006072874493927126,0.0,1.0,0.0,0.0,0.25,0,4937,3,10,0.0,0.0006072874493927126,0.9973737373737374,6.396469000028446,29,100
0.0006072874493927126,0.0,1.0,0.0,0.0,0.3,0,4937,3,10,0.0,0.0006072874493927126,0.9973737373737374,6.396469000028446,29,100
0.001417004048582996,0.0,1.0,0.0,0.0,0.35,0,4933,7,10,0.0,0.001417004048582996,0.9965656565656565,6.396469000028446,29,100
0.0016194331983805667,0.0,1.0,0.0,0.0,0.4,0,4932,8,10,0.0,0.0016194331983805667,0.9963636363636363,6.396469000028446,29,100
0.0018218623481781376,0.0,1.0,0.0,0.0,0.45,0,4931,9,10,0.0,0.0018218623481781376,0.9961616161616161,6.396469000028446,29,100
0.0018218623481781376,0.0,1.0,0.0,0.0,0.5,0,4931,9,10,0.0,0.0018218623481781376,0.9961616161616161,6.396469000028446,29,100
0.0018218623481781376,0.0,1.0,0.0,0.0,0.55,0,4931,9,10,0.0,0.0018218623481781376,0.9961616161616161,6.396469000028446,29,100
0.0018218623481781376,0.0,1.0,0.0,0.0,0.6,0,4931,9,10,0.0,0.0018218623481781376,0.9961616161616161,6.396469000028446,29,100
0.0018218623481781376,0.0,1.0,0.0,0.0,0.65,0,4931,9,10,0.0,0.0018218623481781376,0.9961616161616161,6.396469000028446,29,100
0.0020242914979757085,0.0,1.0,0.0,0.0,0.7,0,4930,10,10,0.0,0.0020242914979757085,0.9959595959595959,6.396469000028446,29,100
0.002226720647773279,0.0,1.0,0.0,0.0,0.75,0,4929,11,10,0.0,0.002226720647773279,0.9957575757575757,6.396469000028446,29,100
0.0034412955465587046,0.0,1.0,0.0,0.0,0.8,0,4923,17,10,0.0,0.0034412955465587046,0.9945454545454545,6.396469000028446,29,100
0.0038461538461538464,0.0,1.0,0.0,0.0,0.85,0,4921,19,10,0.0,0.0038461538461538464,0.9941414141414141,6.396469000028446,29,100
0.006882591093117409,0.1,0.9714285714285714,0.02857142857142857,0.1,0.9,1,4906,34,9,0.1,0.006882591093117409,0.9913131313131314,6.396469000028446,29,100
0.02834008097165992,0.3,0.9790209790209791,0.02097902097902098,0.3,0.95,3,4800,140,7,0.3,0.02834008097165992,0.9703030303030303,6.396469000028446,29,100
0.9933198380566801,1.0,0.9979662395769778,0.002033760423022168,1.0,1.0,10,33,4907,0,1.0,0.9933198380566801,0.008686868686868687,6.396469000028446,29,100
0.0,0.0,0.0,,0.0,0.05,0,4940,0,10,0.0,0.0,0.997979797979798,6.37443510000594,30,100
0.0,0.0,0.0,,0.0,0.1,0,4940,0,10,0.0,0.0,0.997979797979798,6.37443510000594,30,100
0.0,0.0,0.0,,0.0,0.15,0,4940,0,10,0.0,0.0,0.997979797979798,6.37443510000594,30,100
0.0,0.0,0.0,,0.0,0.2,0,4940,0,10,0.0,0.0,0.997979797979798,6.37443510000594,30,100
0.0,0.0,0.0,,0.0,0.25,0,4940,0,10,0.0,0.0,0.997979797979798,6.37443510000594,30,100
0.0,0.0,0.0,,0.0,0.3,0,4940,0,10,0.0,0.0,0.997979797979798,6.37443510000594,30,100
0.0,0.0,0.0,,0.0,0.35,0,4940,0,10,0.0,0.0,0.997979797979798,6.37443510000594,30,100
0.0,0.0,0.0,,0.0,0.4,0,4940,0,10,0.0,0.0,0.997979797979798,6.37443510000594,30,100
0.0,0.0,0.0,,0.0,0.45,0,4940,0,10,0.0,0.0,0.997979797979798,6.37443510000594,30,100
0.0,0.0,0.0,,0.0,0.5,0,4940,0,10,0.0,0.0,0.997979797979798,6.37443510000594,30,100
0.0,0.1,0.0,1.0,0.1,0.55,1,4940,0,9,0.1,0.0,0.9981818181818182,6.37443510000594,30,100
0.0,0.1,0.0,1.0,0.1,0.6,1,4940,0,9,0.1,0.0,0.9981818181818182,6.37443510000594,30,100
0.0,0.1,0.0,1.0,0.1,0.65,1,4940,0,9,0.1,0.0,0.9981818181818182,6.37443510000594,30,100
0.005060728744939271,0.3,0.8928571428571429,0.10714285714285714,0.3,0.7,3,4915,25,7,0.3,0.005060728744939271,0.9935353535353535,6.37443510000594,30,100
0.005060728744939271,0.3,0.8928571428571429,0.10714285714285714,0.3,0.75,3,4915,25,7,0.3,0.005060728744939271,0.9935353535353535,6.37443510000594,30,100
0.005263157894736842,0.3,0.896551724137931,0.10344827586206896,0.3,0.8,3,4914,26,7,0.3,0.005263157894736842,0.9933333333333333,6.37443510000594,30,100
0.007692307692307693,0.3,0.926829268292683,0.07317073170731707,0.3,0.85,3,4902,38,7,0.3,0.007692307692307693,0.990909090909091,6.37443510000594,30,100
0.007894736842105263,0.3,0.9285714285714286,0.07142857142857142,0.3,0.9,3,4901,39,7,0.3,0.007894736842105263,0.9907070707070708,6.37443510000594,30,100
0.039878542510121455,0.3,0.985,0.015,0.3,0.95,3,4743,197,7,0.3,0.039878542510121455,0.9587878787878787,6.37443510000594,30,100
0.9949392712550608,1.0,0.9979695431472081,0.0020304568527918783,1.0,1.0,10,25,4915,0,1.0,0.9949392712550608,0.007070707070707071,6.37443510000594,30,100
0.0,0.0,0.0,,0.0,0.05,0,4940,0,10,0.0,0.0,0.997979797979798,6.354943000013009,31,100
0.0,0.0,0.0,,0.0,0.1,0,4940,0,10,0.0,0.0,0.997979797979798,6.354943000013009,31,100
0.0,0.0,0.0,,0.0,0.15,0,4940,0,10,0.0,0.0,0.997979797979798,6.354943000013009,31,100
0.0,0.0,0.0,,0.0,0.2,0,4940,0,10,0.0,0.0,0.997979797979798,6.354943000013009,31,100
0.0,0.0,0.0,,0.0,0.25,0,4940,0,10,0.0,0.0,0.997979797979798,6.354943000013009,31,100
0.0,0.0,0.0,,0.0,0.3,0,4940,0,10,0.0,0.0,0.997979797979798,6.354943000013009,31,100
0.0,0.0,0.0,,0.0,0.35,0,4940,0,10,0.0,0.0,0.997979797979798,6.354943000013009,31,100
0.0,0.0,0.0,,0.0,0.4,0,4940,0,10,0.0,0.0,0.997979797979798,6.354943000013009,31,100
0.001417004048582996,0.0,1.0,0.0,0.0,0.45,0,4933,7,10,0.0,0.001417004048582996,0.9965656565656565,6.354943000013009,31,100
0.001417004048582996,0.0,1.0,0.0,0.0,0.5,0,4933,7,10,0.0,0.001417004048582996,0.9965656565656565,6.354943000013009,31,100
0.001417004048582996,0.0,1.0,0.0,0.0,0.55,0,4933,7,10,0.0,0.001417004048582996,0.9965656565656565,6.354943000013009,31,100
0.0016194331983805667,0.0,1.0,0.0,0.0,0.6,0,4932,8,10,0.0,0.0016194331983805667,0.9963636363636363,6.354943000013009,31,100
0.0016194331983805667,0.0,1.0,0.0,0.0,0.65,0,4932,8,10,0.0,0.0016194331983805667,0.9963636363636363,6.354943000013009,31,100
0.0016194331983805667,0.0,1.0,0.0,0.0,0.7,0,4932,8,10,0.0,0.0016194331983805667,0.9963636363636363,6.354943000013009,31,100
0.0018218623481781376,0.1,0.9,0.1,0.1,0.75,1,4931,9,9,0.1,0.0018218623481781376,0.9963636363636363,6.354943000013009,31,100
0.0020242914979757085,0.1,0.9090909090909091,0.09090909090909091,0.1,0.8,1,4930,10,9,0.1,0.0020242914979757085,0.9961616161616161,6.354943000013009,31,100
0.0020242914979757085,0.1,0.9090909090909091,0.09090909090909091,0.1,0.85,1,4930,10,9,0.1,0.0020242914979757085,0.9961616161616161,6.354943000013009,31,100
0.010121457489878543,0.1,0.9803921568627451,0.0196078431372549,0.1,0.9,1,4890,50,9,0.1,0.010121457489878543,0.9880808080808081,6.354943000013009,31,100
0.012348178137651822,0.1,0.9838709677419355,0.016129032258064516,0.1,0.95,1,4879,61,9,0.1,0.012348178137651822,0.9858585858585859,6.354943000013009,31,100
0.9967611336032388,1.0,0.9979732468585326,0.002026753141467369,1.0,1.0,10,16,4924,0,1.0,0.9967611336032388,0.0052525252525252525,6.354943000013009,31,100
0.0,0.0,0.0,,0.0,0.05,0,4940,0,10,0.0,0.0,0.997979797979798,6.377125900005922,32,100
0.0,0.0,0.0,,0.0,0.1,0,4940,0,10,0.0,0.0,0.997979797979798,6.377125900005922,32,100
0.0,0.0,0.0,,0.0,0.15,0,4940,0,10,0.0,0.0,0.997979797979798,6.377125900005922,32,100
0.0,0.0,0.0,,0.0,0.2,0,4940,0,10,0.0,0.0,0.997979797979798,6.377125900005922,32,100
0.0,0.0,0.0,,0.0,0.25,0,4940,0,10,0.0,0.0,0.997979797979798,6.377125900005922,32,100
0.00020242914979757084,0.0,1.0,0.0,0.0,0.3,0,4939,1,10,0.0,0.00020242914979757084,0.9977777777777778,6.377125900005922,32,100
0.00020242914979757084,0.0,1.0,0.0,0.0,0.35,0,4939,1,10,0.0,0.00020242914979757084,0.9977777777777778,6.377125900005922,32,100
0.00020242914979757084,0.0,1.0,0.0,0.0,0.4,0,4939,1,10,0.0,0.00020242914979757084,0.9977777777777778,6.377125900005922,32,100
0.00020242914979757084,0.0,1.0,0.0,0.0,0.45,0,4939,1,10,0.0,0.00020242914979757084,0.9977777777777778,6.377125900005922,32,100
0.00020242914979757084,0.0,1.0,0.0,0.0,0.5,0,4939,1,10,0.0,0.00020242914979757084,0.9977777777777778,6.377125900005922,32,100
0.0004048582995951417,0.0,1.0,0.0,0.0,0.55,0,4938,2,10,0.0,0.0004048582995951417,0.9975757575757576,6.377125900005922,32,100
0.0004048582995951417,0.0,1.0,0.0,0.0,0.6,0,4938,2,10,0.0,0.0004048582995951417,0.9975757575757576,6.377125900005922,32,100
0.0004048582995951417,0.0,1.0,0.0,0.0,0.65,0,4938,2,10,0.0,0.0004048582995951417,0.9975757575757576,6.377125900005922,32,100
0.0004048582995951417,0.0,1.0,0.0,0.0,0.7,0,4938,2,10,0.0,0.0004048582995951417,0.9975757575757576,6.377125900005922,32,100
0.0004048582995951417,0.0,1.0,0.0,0.0,0.75,0,4938,2,10,0.0,0.0004048582995951417,0.9975757575757576,6.377125900005922,32,100
0.0004048582995951417,0.0,1.0,0.0,0.0,0.8,0,4938,2,10,0.0,0.0004048582995951417,0.9975757575757576,6.377125900005922,32,100
0.0010121457489878543,0.0,1.0,0.0,0.0,0.85,0,4935,5,10,0.0,0.0010121457489878543,0.996969696969697,6.377125900005922,32,100
0.0010121457489878543,0.0,1.0,0.0,0.0,0.9,0,4935,5,10,0.0,0.0010121457489878543,0.996969696969697,6.377125900005922,32,100
0.0680161943319838,0.3,0.9911504424778761,0.008849557522123894,0.3,0.95,3,4604,336,7,0.3,0.0680161943319838,0.9307070707070707,6.377125900005922,32,100
0.9967611336032388,1.0,0.9979732468585326,0.002026753141467369,1.0,1.0,10,16,4924,0,1.0,0.9967611336032388,0.0052525252525252525,6.377125900005922,32,100
0.0,0.0,0.0,,0.0,0.05,0,4940,0,10,0.0,0.0,0.997979797979798,6.4760655999416485,33,100
0.0,0.0,0.0,,0.0,0.1,0,4940,0,10,0.0,0.0,0.997979797979798,6.4760655999416485,33,100
0.0,0.0,0.0,,0.0,0.15,0,4940,0,10,0.0,0.0,0.997979797979798,6.4760655999416485,33,100
0.0,0.0,0.0,,0.0,0.2,0,4940,0,10,0.0,0.0,0.997979797979798,6.4760655999416485,33,100
0.0,0.0,0.0,,0.0,0.25,0,4940,0,10,0.0,0.0,0.997979797979798,6.4760655999416485,33,100
0.0,0.0,0.0,,0.0,0.3,0,4940,0,10,0.0,0.0,0.997979797979798,6.4760655999416485,33,100
0.0,0.0,0.0,,0.0,0.35,0,4940,0,10,0.0,0.0,0.997979797979798,6.4760655999416485,33,100
0.0,0.0,0.0,,0.0,0.4,0,4940,0,10,0.0,0.0,0.997979797979798,6.4760655999416485,33,100
0.0,0.0,0.0,,0.0,0.45,0,4940,0,10,0.0,0.0,0.997979797979798,6.4760655999416485,33,100
0.0,0.0,0.0,,0.0,0.5,0,4940,0,10,0.0,0.0,0.997979797979798,6.4760655999416485,33,100
0.0,0.0,0.0,,0.0,0.55,0,4940,0,10,0.0,0.0,0.997979797979798,6.4760655999416485,33,100
0.0,0.0,0.0,,0.0,0.6,0,4940,0,10,0.0,0.0,0.997979797979798,6.4760655999416485,33,100
0.0,0.0,0.0,,0.0,0.65,0,4940,0,10,0.0,0.0,0.997979797979798,6.4760655999416485,33,100
0.0,0.0,0.0,,0.0,0.7,0,4940,0,10,0.0,0.0,0.997979797979798,6.4760655999416485,33,100
0.0,0.0,0.0,,0.0,0.75,0,4940,0,10,0.0,0.0,0.997979797979798,6.4760655999416485,33,100
0.00020242914979757084,0.0,1.0,0.0,0.0,0.8,0,4939,1,10,0.0,0.00020242914979757084,0.9977777777777778,6.4760655999416485,33,100
0.00020242914979757084,0.0,1.0,0.0,0.0,0.85,0,4939,1,10,0.0,0.00020242914979757084,0.9977777777777778,6.4760655999416485,33,100
0.01194331983805668,0.1,0.9833333333333333,0.016666666666666666,0.1,0.9,1,4881,59,9,0.1,0.01194331983805668,0.9862626262626263,6.4760655999416485,33,100
0.014777327935222672,0.1,0.9864864864864865,0.013513513513513514,0.1,0.95,1,4867,73,9,0.1,0.014777327935222672,0.9834343434343434,6.4760655999416485,33,100
0.998582995951417,1.0,0.9979769370827433,0.0020230629172567267,1.0,1.0,10,7,4933,0,1.0,0.998582995951417,0.0034343434343434343,6.4760655999416485,33,100
0.0,0.0,0.0,,0.0,0.05,0,4940,0,10,0.0,0.0,0.997979797979798,6.337531000026502,34,100
0.0,0.0,0.0,,0.0,0.1,0,4940,0,10,0.0,0.0,0.997979797979798,6.337531000026502,34,100
0.00020242914979757084,0.0,1.0,0.0,0.0,0.15,0,4939,1,10,0.0,0.00020242914979757084,0.9977777777777778,6.337531000026502,34,100
0.00020242914979757084,0.0,1.0,0.0,0.0,0.2,0,4939,1,10,0.0,0.00020242914979757084,0.9977777777777778,6.337531000026502,34,100
0.0004048582995951417,0.0,1.0,0.0,0.0,0.25,0,4938,2,10,0.0,0.0004048582995951417,0.9975757575757576,6.337531000026502,34,100
0.0004048582995951417,0.0,1.0,0.0,0.0,0.3,0,4938,2,10,0.0,0.0004048582995951417,0.9975757575757576,6.337531000026502,34,100
0.0004048582995951417,0.0,1.0,0.0,0.0,0.35,0,4938,2,10,0.0,0.0004048582995951417,0.9975757575757576,6.337531000026502,34,100
0.0008097165991902834,0.0,1.0,0.0,0.0,0.4,0,4936,4,10,0.0,0.0008097165991902834,0.9971717171717172,6.337531000026502,34,100
0.0008097165991902834,0.0,1.0,0.0,0.0,0.45,0,4936,4,10,0.0,0.0008097165991902834,0.9971717171717172,6.337531000026502,34,100
0.0008097165991902834,0.0,1.0,0.0,0.0,0.5,0,4936,4,10,0.0,0.0008097165991902834,0.9971717171717172,6.337531000026502,34,100
0.0008097165991902834,0.0,1.0,0.0,0.0,0.55,0,4936,4,10,0.0,0.0008097165991902834,0.9971717171717172,6.337531000026502,34,100
0.0008097165991902834,0.0,1.0,0.0,0.0,0.6,0,4936,4,10,0.0,0.0008097165991902834,0.9971717171717172,6.337531000026502,34,100
0.0008097165991902834,0.0,1.0,0.0,0.0,0.65,0,4936,4,10,0.0,0.0008097165991902834,0.9971717171717172,6.337531000026502,34,100
0.0010121457489878543,0.0,1.0,0.0,0.0,0.7,0,4935,5,10,0.0,0.0010121457489878543,0.996969696969697,6.337531000026502,34,100
0.011538461538461539,0.0,1.0,0.0,0.0,0.75,0,4883,57,10,0.0,0.011538461538461539,0.9864646464646465,6.337531000026502,34,100
0.024696356275303644,0.2,0.9838709677419355,0.016129032258064516,0.2,0.8,2,4818,122,8,0.2,0.024696356275303644,0.9737373737373738,6.337531000026502,34,100
0.032388663967611336,0.3,0.9815950920245399,0.018404907975460124,0.3,0.85,3,4780,160,7,0.3,0.032388663967611336,0.9662626262626263,6.337531000026502,34,100
0.04149797570850203,0.3,0.9855769230769231,0.014423076923076924,0.3,0.9,3,4735,205,7,0.3,0.04149797570850203,0.9571717171717171,6.337531000026502,34,100
0.058299595141700404,0.3,0.9896907216494846,0.010309278350515464,0.3,0.95,3,4652,288,7,0.3,0.058299595141700404,0.9404040404040404,6.337531000026502,34,100
0.9991902834008097,1.0,0.9979781641730692,0.0020218358269308533,1.0,1.0,10,4,4936,0,1.0,0.9991902834008097,0.0028282828282828283,6.337531000026502,34,100
0.0,0.0,0.0,,0.0,0.05,0,4940,0,10,0.0,0.0,0.997979797979798,6.343126100022346,35,100
0.0,0.0,0.0,,0.0,0.1,0,4940,0,10,0.0,0.0,0.997979797979798,6.343126100022346,35,100
0.0,0.0,0.0,,0.0,0.15,0,4940,0,10,0.0,0.0,0.997979797979798,6.343126100022346,35,100
0.0,0.0,0.0,,0.0,0.2,0,4940,0,10,0.0,0.0,0.997979797979798,6.343126100022346,35,100
0.0,0.1,0.0,1.0,0.1,0.25,1,4940,0,9,0.1,0.0,0.9981818181818182,6.343126100022346,35,100
0.0,0.1,0.0,1.0,0.1,0.3,1,4940,0,9,0.1,0.0,0.9981818181818182,6.343126100022346,35,100
0.0,0.1,0.0,1.0,0.1,0.35,1,4940,0,9,0.1,0.0,0.9981818181818182,6.343126100022346,35,100
0.00020242914979757084,0.1,0.5,0.5,0.1,0.4,1,4939,1,9,0.1,0.00020242914979757084,0.997979797979798,6.343126100022346,35,100
0.00020242914979757084,0.1,0.5,0.5,0.1,0.45,1,4939,1,9,0.1,0.00020242914979757084,0.997979797979798,6.343126100022346,35,100
0.0012145748987854252,0.2,0.75,0.25,0.2,0.5,2,4934,6,8,0.2,0.0012145748987854252,0.9971717171717172,6.343126100022346,35,100
0.002226720647773279,0.2,0.8461538461538461,0.15384615384615385,0.2,0.55,2,4929,11,8,0.2,0.002226720647773279,0.9961616161616161,6.343126100022346,35,100
0.003036437246963563,0.2,0.8823529411764706,0.11764705882352941,0.2,0.6,2,4925,15,8,0.2,0.003036437246963563,0.9953535353535353,6.343126100022346,35,100
0.006275303643724696,0.2,0.9393939393939394,0.06060606060606061,0.2,0.65,2,4909,31,8,0.2,0.006275303643724696,0.9921212121212121,6.343126100022346,35,100
0.006477732793522267,0.2,0.9411764705882353,0.058823529411764705,0.2,0.7,2,4908,32,8,0.2,0.006477732793522267,0.9919191919191919,6.343126100022346,35,100
0.007489878542510121,0.2,0.9487179487179487,0.05128205128205128,0.2,0.75,2,4903,37,8,0.2,0.007489878542510121,0.990909090909091,6.343126100022346,35,100
0.011336032388663968,0.3,0.9491525423728814,0.05084745762711865,0.3,0.8,3,4884,56,7,0.3,0.011336032388663968,0.9872727272727273,6.343126100022346,35,100
0.018218623481781375,0.3,0.967741935483871,0.03225806451612903,0.3,0.85,3,4850,90,7,0.3,0.018218623481781375,0.9804040404040404,6.343126100022346,35,100
0.021052631578947368,0.3,0.9719626168224299,0.028037383177570093,0.3,0.9,3,4836,104,7,0.3,0.021052631578947368,0.9775757575757575,6.343126100022346,35,100
0.044534412955465584,0.3,0.9865470852017937,0.013452914798206279,0.3,0.95,3,4720,220,7,0.3,0.044534412955465584,0.9541414141414142,6.343126100022346,35,100
0.9983805668016195,1.0,0.9979765277215702,0.0020234722784297854,1.0,1.0,10,8,4932,0,1.0,0.9983805668016195,0.0036363636363636364,6.343126100022346,35,100
0.0,0.0,0.0,,0.0,0.05,0,4940,0,10,0.0,0.0,0.997979797979798,6.548135000048205,36,100
0.0,0.0,0.0,,0.0,0.1,0,4940,0,10,0.0,0.0,0.997979797979798,6.548135000048205,36,100
0.0,0.0,0.0,,0.0,0.15,0,4940,0,10,0.0,0.0,0.997979797979798,6.548135000048205,36,100
0.0004048582995951417,0.0,1.0,0.0,0.0,0.2,0,4938,2,10,0.0,0.0004048582995951417,0.9975757575757576,6.548135000048205,36,100
0.0004048582995951417,0.0,1.0,0.0,0.0,0.25,0,4938,2,10,0.0,0.0004048582995951417,0.9975757575757576,6.548135000048205,36,100
0.0004048582995951417,0.0,1.0,0.0,0.0,0.3,0,4938,2,10,0.0,0.0004048582995951417,0.9975757575757576,6.548135000048205,36,100
0.0004048582995951417,0.0,1.0,0.0,0.0,0.35,0,4938,2,10,0.0,0.0004048582995951417,0.9975757575757576,6.548135000048205,36,100
0.0004048582995951417,0.0,1.0,0.0,0.0,0.4,0,4938,2,10,0.0,0.0004048582995951417,0.9975757575757576,6.548135000048205,36,100
0.0004048582995951417,0.0,1.0,0.0,0.0,0.45,0,4938,2,10,0.0,0.0004048582995951417,0.9975757575757576,6.548135000048205,36,100
0.0004048582995951417,0.0,1.0,0.0,0.0,0.5,0,4938,2,10,0.0,0.0004048582995951417,0.9975757575757576,6.548135000048205,36,100
0.0004048582995951417,0.0,1.0,0.0,0.0,0.55,0,4938,2,10,0.0,0.0004048582995951417,0.9975757575757576,6.548135000048205,36,100
0.0004048582995951417,0.0,1.0,0.0,0.0,0.6,0,4938,2,10,0.0,0.0004048582995951417,0.9975757575757576,6.548135000048205,36,100
0.003036437246963563,0.0,1.0,0.0,0.0,0.65,0,4925,15,10,0.0,0.003036437246963563,0.9949494949494949,6.548135000048205,36,100
0.0038461538461538464,0.0,1.0,0.0,0.0,0.7,0,4921,19,10,0.0,0.0038461538461538464,0.9941414141414141,6.548135000048205,36,100
0.0038461538461538464,0.0,1.0,0.0,0.0,0.75,0,4921,19,10,0.0,0.0038461538461538464,0.9941414141414141,6.548135000048205,36,100
0.004453441295546558,0.0,1.0,0.0,0.0,0.8,0,4918,22,10,0.0,0.004453441295546558,0.9935353535353535,6.548135000048205,36,100
0.004453441295546558,0.0,1.0,0.0,0.0,0.85,0,4918,22,10,0.0,0.004453441295546558,0.9935353535353535,6.548135000048205,36,100
0.00465587044534413,0.0,1.0,0.0,0.0,0.9,0,4917,23,10,0.0,0.00465587044534413,0.9933333333333333,6.548135000048205,36,100
0.00465587044534413,0.0,1.0,0.0,0.0,0.95,0,4917,23,10,0.0,0.00465587044534413,0.9933333333333333,6.548135000048205,36,100
0.998582995951417,1.0,0.9979769370827433,0.0020230629172567267,1.0,1.0,10,7,4933,0,1.0,0.998582995951417,0.0034343434343434343,6.548135000048205,36,100
0.00020242914979757084,0.0,1.0,0.0,0.0,0.05,0,4939,1,10,0.0,0.00020242914979757084,0.9977777777777778,6.470114100025967,37,100
0.00020242914979757084,0.0,1.0,0.0,0.0,0.1,0,4939,1,10,0.0,0.00020242914979757084,0.9977777777777778,6.470114100025967,37,100
0.00020242914979757084,0.0,1.0,0.0,0.0,0.15,0,4939,1,10,0.0,0.00020242914979757084,0.9977777777777778,6.470114100025967,37,100
0.00020242914979757084,0.0,1.0,0.0,0.0,0.2,0,4939,1,10,0.0,0.00020242914979757084,0.9977777777777778,6.470114100025967,37,100
0.00020242914979757084,0.0,1.0,0.0,0.0,0.25,0,4939,1,10,0.0,0.00020242914979757084,0.9977777777777778,6.470114100025967,37,100
0.00020242914979757084,0.0,1.0,0.0,0.0,0.3,0,4939,1,10,0.0,0.00020242914979757084,0.9977777777777778,6.470114100025967,37,100
0.00020242914979757084,0.0,1.0,0.0,0.0,0.35,0,4939,1,10,0.0,0.00020242914979757084,0.9977777777777778,6.470114100025967,37,100
0.0004048582995951417,0.0,1.0,0.0,0.0,0.4,0,4938,2,10,0.0,0.0004048582995951417,0.9975757575757576,6.470114100025967,37,100
0.0006072874493927126,0.0,1.0,0.0,0.0,0.45,0,4937,3,10,0.0,0.0006072874493927126,0.9973737373737374,6.470114100025967,37,100
0.0006072874493927126,0.0,1.0,0.0,0.0,0.5,0,4937,3,10,0.0,0.0006072874493927126,0.9973737373737374,6.470114100025967,37,100
0.0006072874493927126,0.0,1.0,0.0,0.0,0.55,0,4937,3,10,0.0,0.0006072874493927126,0.9973737373737374,6.470114100025967,37,100
0.0006072874493927126,0.0,1.0,0.0,0.0,0.6,0,4937,3,10,0.0,0.0006072874493927126,0.9973737373737374,6.470114100025967,37,100
0.0006072874493927126,0.0,1.0,0.0,0.0,0.65,0,4937,3,10,0.0,0.0006072874493927126,0.9973737373737374,6.470114100025967,37,100
0.0006072874493927126,0.0,1.0,0.0,0.0,0.7,0,4937,3,10,0.0,0.0006072874493927126,0.9973737373737374,6.470114100025967,37,100
0.0006072874493927126,0.0,1.0,0.0,0.0,0.75,0,4937,3,10,0.0,0.0006072874493927126,0.9973737373737374,6.470114100025967,37,100
0.0006072874493927126,0.0,1.0,0.0,0.0,0.8,0,4937,3,10,0.0,0.0006072874493927126,0.9973737373737374,6.470114100025967,37,100
0.0020242914979757085,0.1,0.9090909090909091,0.09090909090909091,0.1,0.85,1,4930,10,9,0.1,0.0020242914979757085,0.9961616161616161,6.470114100025967,37,100
0.0020242914979757085,0.1,0.9090909090909091,0.09090909090909091,0.1,0.9,1,4930,10,9,0.1,0.0020242914979757085,0.9961616161616161,6.470114100025967,37,100
0.06821862348178137,0.1,0.9970414201183432,0.0029585798816568047,0.1,0.95,1,4603,337,9,0.1,0.06821862348178137,0.9301010101010101,6.470114100025967,37,100
0.998582995951417,1.0,0.9979769370827433,0.0020230629172567267,1.0,1.0,10,7,4933,0,1.0,0.998582995951417,0.0034343434343434343,6.470114100025967,37,100
0.0,0.0,0.0,,0.0,0.05,0,4940,0,10,0.0,0.0,0.997979797979798,6.1958762999856845,38,100
0.0,0.0,0.0,,0.0,0.1,0,4940,0,10,0.0,0.0,0.997979797979798,6.1958762999856845,38,100
0.0,0.0,0.0,,0.0,0.15,0,4940,0,10,0.0,0.0,0.997979797979798,6.1958762999856845,38,100
0.0,0.0,0.0,,0.0,0.2,0,4940,0,10,0.0,0.0,0.997979797979798,6.1958762999856845,38,100
0.00020242914979757084,0.0,1.0,0.0,0.0,0.25,0,4939,1,10,0.0,0.00020242914979757084,0.9977777777777778,6.1958762999856845,38,100
0.00020242914979757084,0.0,1.0,0.0,0.0,0.3,0,4939,1,10,0.0,0.00020242914979757084,0.9977777777777778,6.1958762999856845,38,100
0.0006072874493927126,0.1,0.75,0.25,0.1,0.35,1,4937,3,9,0.1,0.0006072874493927126,0.9975757575757576,6.1958762999856845,38,100
0.0006072874493927126,0.1,0.75,0.25,0.1,0.4,1,4937,3,9,0.1,0.0006072874493927126,0.9975757575757576,6.1958762999856845,38,100
0.0010121457489878543,0.1,0.8333333333333334,0.16666666666666666,0.1,0.45,1,4935,5,9,0.1,0.0010121457489878543,0.9971717171717172,6.1958762999856845,38,100
0.0012145748987854252,0.1,0.8571428571428571,0.14285714285714285,0.1,0.5,1,4934,6,9,0.1,0.0012145748987854252,0.996969696969697,6.1958762999856845,38,100
0.0012145748987854252,0.1,0.8571428571428571,0.14285714285714285,0.1,0.55,1,4934,6,9,0.1,0.0012145748987854252,0.996969696969697,6.1958762999856845,38,100
0.0012145748987854252,0.1,0.8571428571428571,0.14285714285714285,0.1,0.6,1,4934,6,9,0.1,0.0012145748987854252,0.996969696969697,6.1958762999856845,38,100
0.0016194331983805667,0.1,0.8888888888888888,0.1111111111111111,0.1,0.65,1,4932,8,9,0.1,0.0016194331983805667,0.9965656565656565,6.1958762999856845,38,100
0.002226720647773279,0.1,0.9166666666666666,0.08333333333333333,0.1,0.7,1,4929,11,9,0.1,0.002226720647773279,0.9959595959595959,6.1958762999856845,38,100
0.029554655870445343,0.2,0.9864864864864865,0.013513513513513514,0.2,0.75,2,4794,146,8,0.2,0.029554655870445343,0.9688888888888889,6.1958762999856845,38,100
0.09109311740890688,0.5,0.989010989010989,0.01098901098901099,0.5,0.8,5,4490,450,5,0.5,0.09109311740890688,0.908080808080808,6.1958762999856845,38,100
0.15263157894736842,0.6,0.9921052631578947,0.007894736842105263,0.6,0.85,6,4186,754,4,0.6,0.15263157894736842,0.8468686868686869,6.1958762999856845,38,100
0.292914979757085,0.8,0.9945017182130584,0.005498281786941581,0.8,0.9,8,3493,1447,2,0.8,0.292914979757085,0.7072727272727273,6.1958762999856845,38,100
0.6089068825910932,0.8,0.9973474801061007,0.002652519893899204,0.8,0.95,8,1932,3008,2,0.8,0.6089068825910932,0.39191919191919194,6.1958762999856845,38,100
0.998582995951417,1.0,0.9979769370827433,0.0020230629172567267,1.0,1.0,10,7,4933,0,1.0,0.998582995951417,0.0034343434343434343,6.1958762999856845,38,100
0.0,0.0,0.0,,0.0,0.05,0,4940,0,10,0.0,0.0,0.997979797979798,6.423005699994974,39,100
0.0,0.0,0.0,,0.0,0.1,0,4940,0,10,0.0,0.0,0.997979797979798,6.423005699994974,39,100
0.0,0.0,0.0,,0.0,0.15,0,4940,0,10,0.0,0.0,0.997979797979798,6.423005699994974,39,100
0.0,0.0,0.0,,0.0,0.2,0,4940,0,10,0.0,0.0,0.997979797979798,6.423005699994974,39,100
0.0,0.0,0.0,,0.0,0.25,0,4940,0,10,0.0,0.0,0.997979797979798,6.423005699994974,39,100
0.0004048582995951417,0.0,1.0,0.0,0.0,0.3,0,4938,2,10,0.0,0.0004048582995951417,0.9975757575757576,6.423005699994974,39,100
0.0004048582995951417,0.0,1.0,0.0,0.0,0.35,0,4938,2,10,0.0,0.0004048582995951417,0.9975757575757576,6.423005699994974,39,100
0.0004048582995951417,0.0,1.0,0.0,0.0,0.4,0,4938,2,10,0.0,0.0004048582995951417,0.9975757575757576,6.423005699994974,39,100
0.0004048582995951417,0.0,1.0,0.0,0.0,0.45,0,4938,2,10,0.0,0.0004048582995951417,0.9975757575757576,6.423005699994974,39,100
0.0004048582995951417,0.0,1.0,0.0,0.0,0.5,0,4938,2,10,0.0,0.0004048582995951417,0.9975757575757576,6.423005699994974,39,100
0.0004048582995951417,0.0,1.0,0.0,0.0,0.55,0,4938,2,10,0.0,0.0004048582995951417,0.9975757575757576,6.423005699994974,39,100
0.0004048582995951417,0.0,1.0,0.0,0.0,0.6,0,4938,2,10,0.0,0.0004048582995951417,0.9975757575757576,6.423005699994974,39,100
0.0004048582995951417,0.0,1.0,0.0,0.0,0.65,0,4938,2,10,0.0,0.0004048582995951417,0.9975757575757576,6.423005699994974,39,100
0.0004048582995951417,0.0,1.0,0.0,0.0,0.7,0,4938,2,10,0.0,0.0004048582995951417,0.9975757575757576,6.423005699994974,39,100
0.0004048582995951417,0.0,1.0,0.0,0.0,0.75,0,4938,2,10,0.0,0.0004048582995951417,0.9975757575757576,6.423005699994974,39,100
0.0004048582995951417,0.0,1.0,0.0,0.0,0.8,0,4938,2,10,0.0,0.0004048582995951417,0.9975757575757576,6.423005699994974,39,100
0.0006072874493927126,0.1,0.75,0.25,0.1,0.85,1,4937,3,9,0.1,0.0006072874493927126,0.9975757575757576,6.423005699994974,39,100
0.004048582995951417,0.2,0.9090909090909091,0.09090909090909091,0.2,0.9,2,4920,20,8,0.2,0.004048582995951417,0.9943434343434343,6.423005699994974,39,100
0.04271255060728745,0.3,0.985981308411215,0.014018691588785047,0.3,0.95,3,4729,211,7,0.3,0.04271255060728745,0.955959595959596,6.423005699994974,39,100
0.3793522267206478,0.9,0.9952203929899097,0.004779607010090282,0.9,1.0,9,3066,1874,1,0.9,0.3793522267206478,0.6212121212121212,6.423005699994974,39,100
0.0,0.1,0.0,1.0,0.1,0.05,1,4940,0,9,0.1,0.0,0.9981818181818182,6.412653799983673,40,100
0.0,0.1,0.0,1.0,0.1,0.1,1,4940,0,9,0.1,0.0,0.9981818181818182,6.412653799983673,40,100
0.0,0.1,0.0,1.0,0.1,0.15,1,4940,0,9,0.1,0.0,0.9981818181818182,6.412653799983673,40,100
0.0,0.1,0.0,1.0,0.1,0.2,1,4940,0,9,0.1,0.0,0.9981818181818182,6.412653799983673,40,100
0.0,0.1,0.0,1.0,0.1,0.25,1,4940,0,9,0.1,0.0,0.9981818181818182,6.412653799983673,40,100
0.0,0.1,0.0,1.0,0.1,0.3,1,4940,0,9,0.1,0.0,0.9981818181818182,6.412653799983673,40,100
0.0,0.1,0.0,1.0,0.1,0.35,1,4940,0,9,0.1,0.0,0.9981818181818182,6.412653799983673,40,100
0.0,0.1,0.0,1.0,0.1,0.4,1,4940,0,9,0.1,0.0,0.9981818181818182,6.412653799983673,40,100
0.0,0.1,0.0,1.0,0.1,0.45,1,4940,0,9,0.1,0.0,0.9981818181818182,6.412653799983673,40,100
0.0,0.1,0.0,1.0,0.1,0.5,1,4940,0,9,0.1,0.0,0.9981818181818182,6.412653799983673,40,100
0.00020242914979757084,0.1,0.5,0.5,0.1,0.55,1,4939,1,9,0.1,0.00020242914979757084,0.997979797979798,6.412653799983673,40,100
0.00020242914979757084,0.1,0.5,0.5,0.1,0.6,1,4939,1,9,0.1,0.00020242914979757084,0.997979797979798,6.412653799983673,40,100
0.00020242914979757084,0.1,0.5,0.5,0.1,0.65,1,4939,1,9,0.1,0.00020242914979757084,0.997979797979798,6.412653799983673,40,100
0.00020242914979757084,0.1,0.5,0.5,0.1,0.7,1,4939,1,9,0.1,0.00020242914979757084,0.997979797979798,6.412653799983673,40,100
0.00020242914979757084,0.1,0.5,0.5,0.1,0.75,1,4939,1,9,0.1,0.00020242914979757084,0.997979797979798,6.412653799983673,40,100
0.004453441295546558,0.2,0.9166666666666666,0.08333333333333333,0.2,0.8,2,4918,22,8,0.2,0.004453441295546558,0.9939393939393939,6.412653799983673,40,100
0.004453441295546558,0.2,0.9166666666666666,0.08333333333333333,0.2,0.85,2,4918,22,8,0.2,0.004453441295546558,0.9939393939393939,6.412653799983673,40,100
0.00708502024291498,0.2,0.9459459459459459,0.05405405405405406,0.2,0.9,2,4905,35,8,0.2,0.00708502024291498,0.9913131313131314,6.412653799983673,40,100
0.010121457489878543,0.2,0.9615384615384616,0.038461538461538464,0.2,0.95,2,4890,50,8,0.2,0.010121457489878543,0.9882828282828283,6.412653799983673,40,100
0.998582995951417,1.0,0.9979769370827433,0.0020230629172567267,1.0,1.0,10,7,4933,0,1.0,0.998582995951417,0.0034343434343434343,6.412653799983673,40,100
0.0,0.0,0.0,,0.0,0.05,0,4940,0,10,0.0,0.0,0.997979797979798,6.245638499967754,41,100
0.0,0.0,0.0,,0.0,0.1,0,4940,0,10,0.0,0.0,0.997979797979798,6.245638499967754,41,100
0.0,0.0,0.0,,0.0,0.15,0,4940,0,10,0.0,0.0,0.997979797979798,6.245638499967754,41,100
0.0004048582995951417,0.0,1.0,0.0,0.0,0.2,0,4938,2,10,0.0,0.0004048582995951417,0.9975757575757576,6.245638499967754,41,100
0.0004048582995951417,0.0,1.0,0.0,0.0,0.25,0,4938,2,10,0.0,0.0004048582995951417,0.9975757575757576,6.245638499967754,41,100
0.0010121457489878543,0.0,1.0,0.0,0.0,0.3,0,4935,5,10,0.0,0.0010121457489878543,0.996969696969697,6.245638499967754,41,100
0.0010121457489878543,0.0,1.0,0.0,0.0,0.35,0,4935,5,10,0.0,0.0010121457489878543,0.996969696969697,6.245638499967754,41,100
0.0036437246963562753,0.2,0.9,0.1,0.2,0.4,2,4922,18,8,0.2,0.0036437246963562753,0.9947474747474747,6.245638499967754,41,100
0.0036437246963562753,0.2,0.9,0.1,0.2,0.45,2,4922,18,8,0.2,0.0036437246963562753,0.9947474747474747,6.245638499967754,41,100
0.0038461538461538464,0.2,0.9047619047619048,0.09523809523809523,0.2,0.5,2,4921,19,8,0.2,0.0038461538461538464,0.9945454545454545,6.245638499967754,41,100
0.005060728744939271,0.2,0.9259259259259259,0.07407407407407407,0.2,0.55,2,4915,25,8,0.2,0.005060728744939271,0.9933333333333333,6.245638499967754,41,100
0.006275303643724696,0.2,0.9393939393939394,0.06060606060606061,0.2,0.6,2,4909,31,8,0.2,0.006275303643724696,0.9921212121212121,6.245638499967754,41,100
0.0066801619433198385,0.2,0.9428571428571428,0.05714285714285714,0.2,0.65,2,4907,33,8,0.2,0.0066801619433198385,0.9917171717171717,6.245638499967754,41,100
0.0066801619433198385,0.2,0.9428571428571428,0.05714285714285714,0.2,0.7,2,4907,33,8,0.2,0.0066801619433198385,0.9917171717171717,6.245638499967754,41,100
0.0066801619433198385,0.2,0.9428571428571428,0.05714285714285714,0.2,0.75,2,4907,33,8,0.2,0.0066801619433198385,0.9917171717171717,6.245638499967754,41,100
0.03643724696356275,0.2,0.989010989010989,0.01098901098901099,0.2,0.8,2,4760,180,8,0.2,0.03643724696356275,0.962020202020202,6.245638499967754,41,100
0.042105263157894736,0.2,0.9904761904761905,0.009523809523809525,0.2,0.85,2,4732,208,8,0.2,0.042105263157894736,0.9563636363636364,6.245638499967754,41,100
0.07854251012145749,0.2,0.9948717948717949,0.005128205128205128,0.2,0.9,2,4552,388,8,0.2,0.07854251012145749,0.92,6.245638499967754,41,100
0.1848178137651822,0.3,0.9967248908296943,0.0032751091703056767,0.3,0.95,3,4027,913,7,0.3,0.1848178137651822,0.8141414141414142,6.245638499967754,41,100
0.9730769230769231,0.9,0.9981312292358804,0.0018687707641196014,0.9,1.0,9,133,4807,1,0.9,0.9730769230769231,0.028686868686868688,6.245638499967754,41,100
0.0,0.0,0.0,,0.0,0.05,0,4940,0,10,0.0,0.0,0.997979797979798,6.496757599990815,42,100
0.0,0.0,0.0,,0.0,0.1,0,4940,0,10,0.0,0.0,0.997979797979798,6.496757599990815,42,100
0.0,0.0,0.0,,0.0,0.15,0,4940,0,10,0.0,0.0,0.997979797979798,6.496757599990815,42,100
0.0,0.0,0.0,,0.0,0.2,0,4940,0,10,0.0,0.0,0.997979797979798,6.496757599990815,42,100
0.0,0.0,0.0,,0.0,0.25,0,4940,0,10,0.0,0.0,0.997979797979798,6.496757599990815,42,100
0.0,0.0,0.0,,0.0,0.3,0,4940,0,10,0.0,0.0,0.997979797979798,6.496757599990815,42,100
0.0,0.0,0.0,,0.0,0.35,0,4940,0,10,0.0,0.0,0.997979797979798,6.496757599990815,42,100
0.0,0.0,0.0,,0.0,0.4,0,4940,0,10,0.0,0.0,0.997979797979798,6.496757599990815,42,100
0.0,0.0,0.0,,0.0,0.45,0,4940,0,10,0.0,0.0,0.997979797979798,6.496757599990815,42,100
0.0,0.0,0.0,,0.0,0.5,0,4940,0,10,0.0,0.0,0.997979797979798,6.496757599990815,42,100
0.0,0.0,0.0,,0.0,0.55,0,4940,0,10,0.0,0.0,0.997979797979798,6.496757599990815,42,100
0.0034412955465587046,0.0,1.0,0.0,0.0,0.6,0,4923,17,10,0.0,0.0034412955465587046,0.9945454545454545,6.496757599990815,42,100
0.004251012145748988,0.0,1.0,0.0,0.0,0.65,0,4919,21,10,0.0,0.004251012145748988,0.9937373737373737,6.496757599990815,42,100
0.010728744939271255,0.0,1.0,0.0,0.0,0.7,0,4887,53,10,0.0,0.010728744939271255,0.9872727272727273,6.496757599990815,42,100
0.018218623481781375,0.1,0.989010989010989,0.01098901098901099,0.1,0.75,1,4850,90,9,0.1,0.018218623481781375,0.98,6.496757599990815,42,100
0.02894736842105263,0.1,0.9930555555555556,0.006944444444444444,0.1,0.8,1,4797,143,9,0.1,0.02894736842105263,0.9692929292929293,6.496757599990815,42,100
0.06072874493927125,0.1,0.9966777408637874,0.0033222591362126247,0.1,0.85,1,4640,300,9,0.1,0.06072874493927125,0.9375757575757576,6.496757599990815,42,100
0.2465587044534413,0.2,0.9983606557377049,0.001639344262295082,0.2,0.9,2,3722,1218,8,0.2,0.2465587044534413,0.7523232323232323,6.496757599990815,42,100
0.46680161943319837,0.6,0.9974048442906575,0.0025951557093425604,0.6,0.95,6,2634,2306,4,0.6,0.46680161943319837,0.5333333333333333,6.496757599990815,42,100
0.998582995951417,1.0,0.9979769370827433,0.0020230629172567267,1.0,1.0,10,7,4933,0,1.0,0.998582995951417,0.0034343434343434343,6.496757599990815,42,100
0.0010121457489878543,0.1,0.8333333333333334,0.16666666666666666,0.1,0.05,1,4935,5,9,0.1,0.0010121457489878543,0.9971717171717172,6.374509699991904,43,100
0.0012145748987854252,0.1,0.8571428571428571,0.14285714285714285,0.1,0.1,1,4934,6,9,0.1,0.0012145748987854252,0.996969696969697,6.374509699991904,43,100
0.0012145748987854252,0.1,0.8571428571428571,0.14285714285714285,0.1,0.15,1,4934,6,9,0.1,0.0012145748987854252,0.996969696969697,6.374509699991904,43,100
0.001417004048582996,0.1,0.875,0.125,0.1,0.2,1,4933,7,9,0.1,0.001417004048582996,0.9967676767676767,6.374509699991904,43,100
0.0016194331983805667,0.1,0.8888888888888888,0.1111111111111111,0.1,0.25,1,4932,8,9,0.1,0.0016194331983805667,0.9965656565656565,6.374509699991904,43,100
0.0016194331983805667,0.1,0.8888888888888888,0.1111111111111111,0.1,0.3,1,4932,8,9,0.1,0.0016194331983805667,0.9965656565656565,6.374509699991904,43,100
0.0016194331983805667,0.1,0.8888888888888888,0.1111111111111111,0.1,0.35,1,4932,8,9,0.1,0.0016194331983805667,0.9965656565656565,6.374509699991904,43,100
0.0016194331983805667,0.1,0.8888888888888888,0.1111111111111111,0.1,0.4,1,4932,8,9,0.1,0.0016194331983805667,0.9965656565656565,6.374509699991904,43,100
0.002226720647773279,0.1,0.9166666666666666,0.08333333333333333,0.1,0.45,1,4929,11,9,0.1,0.002226720647773279,0.9959595959595959,6.374509699991904,43,100
0.002226720647773279,0.1,0.9166666666666666,0.08333333333333333,0.1,0.5,1,4929,11,9,0.1,0.002226720647773279,0.9959595959595959,6.374509699991904,43,100
0.002226720647773279,0.1,0.9166666666666666,0.08333333333333333,0.1,0.55,1,4929,11,9,0.1,0.002226720647773279,0.9959595959595959,6.374509699991904,43,100
0.005263157894736842,0.1,0.9629629629629629,0.037037037037037035,0.1,0.6,1,4914,26,9,0.1,0.005263157894736842,0.9929292929292929,6.374509699991904,43,100
0.006275303643724696,0.1,0.96875,0.03125,0.1,0.65,1,4909,31,9,0.1,0.006275303643724696,0.9919191919191919,6.374509699991904,43,100
0.008502024291497975,0.1,0.9767441860465116,0.023255813953488372,0.1,0.7,1,4898,42,9,0.1,0.008502024291497975,0.9896969696969697,6.374509699991904,43,100
0.008704453441295546,0.1,0.9772727272727273,0.022727272727272728,0.1,0.75,1,4897,43,9,0.1,0.008704453441295546,0.9894949494949495,6.374509699991904,43,100
0.008704453441295546,0.1,0.9772727272727273,0.022727272727272728,0.1,0.8,1,4897,43,9,0.1,0.008704453441295546,0.9894949494949495,6.374509699991904,43,100
0.008906882591093117,0.1,0.9777777777777777,0.022222222222222223,0.1,0.85,1,4896,44,9,0.1,0.008906882591093117,0.9892929292929293,6.374509699991904,43,100
0.14412955465587043,0.8,0.9888888888888889,0.011111111111111112,0.8,0.9,8,4228,712,2,0.8,0.14412955465587043,0.8557575757575757,6.374509699991904,43,100
0.38987854251012144,0.8,0.9958634953464323,0.004136504653567736,0.8,0.95,8,3014,1926,2,0.8,0.38987854251012144,0.6105050505050506,6.374509699991904,43,100
0.9971659919028341,1.0,0.9979740680713128,0.002025931928687196,1.0,1.0,10,14,4926,0,1.0,0.9971659919028341,0.0048484848484848485,6.374509699991904,43,100
0.0,0.0,0.0,,0.0,0.05,0,4940,0,10,0.0,0.0,0.997979797979798,6.181761500076391,44,100
0.0,0.0,0.0,,0.0,0.1,0,4940,0,10,0.0,0.0,0.997979797979798,6.181761500076391,44,100
0.0,0.0,0.0,,0.0,0.15,0,4940,0,10,0.0,0.0,0.997979797979798,6.181761500076391,44,100
0.0,0.0,0.0,,0.0,0.2,0,4940,0,10,0.0,0.0,0.997979797979798,6.181761500076391,44,100
0.0,0.0,0.0,,0.0,0.25,0,4940,0,10,0.0,0.0,0.997979797979798,6.181761500076391,44,100
0.0,0.0,0.0,,0.0,0.3,0,4940,0,10,0.0,0.0,0.997979797979798,6.181761500076391,44,100
0.0,0.0,0.0,,0.0,0.35,0,4940,0,10,0.0,0.0,0.997979797979798,6.181761500076391,44,100
0.0018218623481781376,0.0,1.0,0.0,0.0,0.4,0,4931,9,10,0.0,0.0018218623481781376,0.9961616161616161,6.181761500076391,44,100
0.002631578947368421,0.0,1.0,0.0,0.0,0.45,0,4927,13,10,0.0,0.002631578947368421,0.9953535353535353,6.181761500076391,44,100
0.005668016194331984,0.0,1.0,0.0,0.0,0.5,0,4912,28,10,0.0,0.005668016194331984,0.9923232323232323,6.181761500076391,44,100
0.006882591093117409,0.0,1.0,0.0,0.0,0.55,0,4906,34,10,0.0,0.006882591093117409,0.9911111111111112,6.181761500076391,44,100
0.0072874493927125505,0.0,1.0,0.0,0.0,0.6,0,4904,36,10,0.0,0.0072874493927125505,0.9907070707070708,6.181761500076391,44,100
0.009919028340080972,0.0,1.0,0.0,0.0,0.65,0,4891,49,10,0.0,0.009919028340080972,0.9880808080808081,6.181761500076391,44,100
0.009919028340080972,0.0,1.0,0.0,0.0,0.7,0,4891,49,10,0.0,0.009919028340080972,0.9880808080808081,6.181761500076391,44,100
0.014574898785425101,0.0,1.0,0.0,0.0,0.75,0,4868,72,10,0.0,0.014574898785425101,0.9834343434343434,6.181761500076391,44,100
0.12894736842105264,0.3,0.9953125,0.0046875,0.3,0.8,3,4303,637,7,0.3,0.12894736842105264,0.86989898989899,6.181761500076391,44,100
0.1848178137651822,0.4,0.9956379498364231,0.004362050163576881,0.4,0.85,4,4027,913,6,0.4,0.1848178137651822,0.8143434343434344,6.181761500076391,44,100
0.2856275303643725,0.4,0.9971731448763251,0.0028268551236749115,0.4,0.9,4,3529,1411,6,0.4,0.2856275303643725,0.7137373737373738,6.181761500076391,44,100
0.5153846153846153,0.7,0.9972581276929103,0.0027418723070896985,0.7,0.95,7,2394,2546,3,0.7,0.5153846153846153,0.48505050505050507,6.181761500076391,44,100
0.9989878542510121,1.0,0.9979777553083923,0.0020222446916076846,1.0,1.0,10,5,4935,0,1.0,0.9989878542510121,0.0030303030303030303,6.181761500076391,44,100
0.0,0.0,0.0,,0.0,0.05,0,4940,0,10,0.0,0.0,0.997979797979798,6.3700362999225035,45,100
0.0,0.0,0.0,,0.0,0.1,0,4940,0,10,0.0,0.0,0.997979797979798,6.3700362999225035,45,100
0.0,0.0,0.0,,0.0,0.15,0,4940,0,10,0.0,0.0,0.997979797979798,6.3700362999225035,45,100
0.0,0.1,0.0,1.0,0.1,0.2,1,4940,0,9,0.1,0.0,0.9981818181818182,6.3700362999225035,45,100
0.00020242914979757084,0.1,0.5,0.5,0.1,0.25,1,4939,1,9,0.1,0.00020242914979757084,0.997979797979798,6.3700362999225035,45,100
0.00020242914979757084,0.1,0.5,0.5,0.1,0.3,1,4939,1,9,0.1,0.00020242914979757084,0.997979797979798,6.3700362999225035,45,100
0.0004048582995951417,0.1,0.6666666666666666,0.3333333333333333,0.1,0.35,1,4938,2,9,0.1,0.0004048582995951417,0.9977777777777778,6.3700362999225035,45,100
0.0004048582995951417,0.1,0.6666666666666666,0.3333333333333333,0.1,0.4,1,4938,2,9,0.1,0.0004048582995951417,0.9977777777777778,6.3700362999225035,45,100
0.0010121457489878543,0.1,0.8333333333333334,0.16666666666666666,0.1,0.45,1,4935,5,9,0.1,0.0010121457489878543,0.9971717171717172,6.3700362999225035,45,100
0.0012145748987854252,0.1,0.8571428571428571,0.14285714285714285,0.1,0.5,1,4934,6,9,0.1,0.0012145748987854252,0.996969696969697,6.3700362999225035,45,100
0.0012145748987854252,0.1,0.8571428571428571,0.14285714285714285,0.1,0.55,1,4934,6,9,0.1,0.0012145748987854252,0.996969696969697,6.3700362999225035,45,100
0.0012145748987854252,0.1,0.8571428571428571,0.14285714285714285,0.1,0.6,1,4934,6,9,0.1,0.0012145748987854252,0.996969696969697,6.3700362999225035,45,100
0.0012145748987854252,0.1,0.8571428571428571,0.14285714285714285,0.1,0.65,1,4934,6,9,0.1,0.0012145748987854252,0.996969696969697,6.3700362999225035,45,100
0.0012145748987854252,0.1,0.8571428571428571,0.14285714285714285,0.1,0.7,1,4934,6,9,0.1,0.0012145748987854252,0.996969696969697,6.3700362999225035,45,100
0.0012145748987854252,0.2,0.75,0.25,0.2,0.75,2,4934,6,8,0.2,0.0012145748987854252,0.9971717171717172,6.3700362999225035,45,100
0.0012145748987854252,0.2,0.75,0.25,0.2,0.8,2,4934,6,8,0.2,0.0012145748987854252,0.9971717171717172,6.3700362999225035,45,100
0.0012145748987854252,0.2,0.75,0.25,0.2,0.85,2,4934,6,8,0.2,0.0012145748987854252,0.9971717171717172,6.3700362999225035,45,100
0.008502024291497975,0.4,0.9130434782608695,0.08695652173913043,0.4,0.9,4,4898,42,6,0.4,0.008502024291497975,0.9903030303030304,6.3700362999225035,45,100
0.01862348178137652,0.5,0.9484536082474226,0.05154639175257732,0.5,0.95,5,4848,92,5,0.5,0.01862348178137652,0.9804040404040404,6.3700362999225035,45,100
0.998582995951417,1.0,0.9979769370827433,0.0020230629172567267,1.0,1.0,10,7,4933,0,1.0,0.998582995951417,0.0034343434343434343,6.3700362999225035,45,100
0.0,0.0,0.0,,0.0,0.05,0,4940,0,10,0.0,0.0,0.997979797979798,6.242526500020176,46,100
0.0,0.0,0.0,,0.0,0.1,0,4940,0,10,0.0,0.0,0.997979797979798,6.242526500020176,46,100
0.0,0.0,0.0,,0.0,0.15,0,4940,0,10,0.0,0.0,0.997979797979798,6.242526500020176,46,100
0.00020242914979757084,0.0,1.0,0.0,0.0,0.2,0,4939,1,10,0.0,0.00020242914979757084,0.9977777777777778,6.242526500020176,46,100
0.00020242914979757084,0.0,1.0,0.0,0.0,0.25,0,4939,1,10,0.0,0.00020242914979757084,0.9977777777777778,6.242526500020176,46,100
0.0004048582995951417,0.1,0.6666666666666666,0.3333333333333333,0.1,0.3,1,4938,2,9,0.1,0.0004048582995951417,0.9977777777777778,6.242526500020176,46,100
0.0004048582995951417,0.1,0.6666666666666666,0.3333333333333333,0.1,0.35,1,4938,2,9,0.1,0.0004048582995951417,0.9977777777777778,6.242526500020176,46,100
0.0006072874493927126,0.1,0.75,0.25,0.1,0.4,1,4937,3,9,0.1,0.0006072874493927126,0.9975757575757576,6.242526500020176,46,100
0.0018218623481781376,0.1,0.9,0.1,0.1,0.45,1,4931,9,9,0.1,0.0018218623481781376,0.9963636363636363,6.242526500020176,46,100
0.0018218623481781376,0.1,0.9,0.1,0.1,0.5,1,4931,9,9,0.1,0.0018218623481781376,0.9963636363636363,6.242526500020176,46,100
0.0020242914979757085,0.1,0.9090909090909091,0.09090909090909091,0.1,0.55,1,4930,10,9,0.1,0.0020242914979757085,0.9961616161616161,6.242526500020176,46,100
0.005263157894736842,0.2,0.9285714285714286,0.07142857142857142,0.2,0.6,2,4914,26,8,0.2,0.005263157894736842,0.9931313131313131,6.242526500020176,46,100
0.0072874493927125505,0.2,0.9473684210526315,0.05263157894736842,0.2,0.65,2,4904,36,8,0.2,0.0072874493927125505,0.9911111111111112,6.242526500020176,46,100
0.010728744939271255,0.2,0.9636363636363636,0.03636363636363636,0.2,0.7,2,4887,53,8,0.2,0.010728744939271255,0.9876767676767677,6.242526500020176,46,100
0.020040485829959515,0.3,0.9705882352941176,0.029411764705882353,0.3,0.75,3,4841,99,7,0.3,0.020040485829959515,0.9785858585858586,6.242526500020176,46,100
0.022874493927125508,0.3,0.9741379310344828,0.02586206896551724,0.3,0.8,3,4827,113,7,0.3,0.022874493927125508,0.9757575757575757,6.242526500020176,46,100
0.0645748987854251,0.5,0.9845679012345679,0.015432098765432098,0.5,0.85,5,4621,319,5,0.5,0.0645748987854251,0.9345454545454546,6.242526500020176,46,100
0.07489878542510121,0.5,0.9866666666666667,0.013333333333333334,0.5,0.9,5,4570,370,5,0.5,0.07489878542510121,0.9242424242424242,6.242526500020176,46,100
0.34777327935222674,0.8,0.9953650057937428,0.004634994206257242,0.8,0.95,8,3222,1718,2,0.8,0.34777327935222674,0.6525252525252525,6.242526500020176,46,100
0.9777327935222672,1.0,0.9979338842975206,0.002066115702479339,1.0,1.0,10,110,4830,0,1.0,0.9777327935222672,0.024242424242424242,6.242526500020176,46,100
0.0,0.0,0.0,,0.0,0.05,0,4940,0,10,0.0,0.0,0.997979797979798,6.26627349993214,47,100
0.0,0.0,0.0,,0.0,0.1,0,4940,0,10,0.0,0.0,0.997979797979798,6.26627349993214,47,100
0.0,0.0,0.0,,0.0,0.15,0,4940,0,10,0.0,0.0,0.997979797979798,6.26627349993214,47,100
0.0,0.0,0.0,,0.0,0.2,0,4940,0,10,0.0,0.0,0.997979797979798,6.26627349993214,47,100
0.0,0.0,0.0,,0.0,0.25,0,4940,0,10,0.0,0.0,0.997979797979798,6.26627349993214,47,100
0.0,0.0,0.0,,0.0,0.3,0,4940,0,10,0.0,0.0,0.997979797979798,6.26627349993214,47,100
0.0,0.0,0.0,,0.0,0.35,0,4940,0,10,0.0,0.0,0.997979797979798,6.26627349993214,47,100
0.0,0.0,0.0,,0.0,0.4,0,4940,0,10,0.0,0.0,0.997979797979798,6.26627349993214,47,100
0.0,0.0,0.0,,0.0,0.45,0,4940,0,10,0.0,0.0,0.997979797979798,6.26627349993214,47,100
0.0,0.0,0.0,,0.0,0.5,0,4940,0,10,0.0,0.0,0.997979797979798,6.26627349993214,47,100
0.0,0.0,0.0,,0.0,0.55,0,4940,0,10,0.0,0.0,0.997979797979798,6.26627349993214,47,100
0.0,0.0,0.0,,0.0,0.6,0,4940,0,10,0.0,0.0,0.997979797979798,6.26627349993214,47,100
0.0,0.0,0.0,,0.0,0.65,0,4940,0,10,0.0,0.0,0.997979797979798,6.26627349993214,47,100
0.009919028340080972,0.0,1.0,0.0,0.0,0.7,0,4891,49,10,0.0,0.009919028340080972,0.9880808080808081,6.26627349993214,47,100
0.012348178137651822,0.0,1.0,0.0,0.0,0.75,0,4879,61,10,0.0,0.012348178137651822,0.9856565656565657,6.26627349993214,47,100
0.012753036437246963,0.0,1.0,0.0,0.0,0.8,0,4877,63,10,0.0,0.012753036437246963,0.9852525252525253,6.26627349993214,47,100
0.0951417004048583,0.2,0.9957627118644068,0.00423728813559322,0.2,0.85,2,4470,470,8,0.2,0.0951417004048583,0.9034343434343435,6.26627349993214,47,100
0.18724696356275303,0.2,0.9978425026968716,0.002157497303128371,0.2,0.9,2,4015,925,8,0.2,0.18724696356275303,0.8115151515151515,6.26627349993214,47,100
0.5313765182186235,0.4,0.99847850893876,0.0015214910612400153,0.4,0.95,4,2315,2625,6,0.4,0.5313765182186235,0.4684848484848485,6.26627349993214,47,100
0.9949392712550608,1.0,0.9979695431472081,0.0020304568527918783,1.0,1.0,10,25,4915,0,1.0,0.9949392712550608,0.007070707070707071,6.26627349993214,47,100
0.00020242914979757084,0.0,1.0,0.0,0.0,0.05,0,4939,1,10,0.0,0.00020242914979757084,0.9977777777777778,6.534333299961872,48,100
0.0004048582995951417,0.0,1.0,0.0,0.0,0.1,0,4938,2,10,0.0,0.0004048582995951417,0.9975757575757576,6.534333299961872,48,100
0.0004048582995951417,0.0,1.0,0.0,0.0,0.15,0,4938,2,10,0.0,0.0004048582995951417,0.9975757575757576,6.534333299961872,48,100
0.0004048582995951417,0.0,1.0,0.0,0.0,0.2,0,4938,2,10,0.0,0.0004048582995951417,0.9975757575757576,6.534333299961872,48,100
0.0004048582995951417,0.0,1.0,0.0,0.0,0.25,0,4938,2,10,0.0,0.0004048582995951417,0.9975757575757576,6.534333299961872,48,100
0.0004048582995951417,0.0,1.0,0.0,0.0,0.3,0,4938,2,10,0.0,0.0004048582995951417,0.9975757575757576,6.534333299961872,48,100
0.0004048582995951417,0.0,1.0,0.0,0.0,0.35,0,4938,2,10,0.0,0.0004048582995951417,0.9975757575757576,6.534333299961872,48,100
0.0004048582995951417,0.0,1.0,0.0,0.0,0.4,0,4938,2,10,0.0,0.0004048582995951417,0.9975757575757576,6.534333299961872,48,100
0.0004048582995951417,0.0,1.0,0.0,0.0,0.45,0,4938,2,10,0.0,0.0004048582995951417,0.9975757575757576,6.534333299961872,48,100
0.0004048582995951417,0.0,1.0,0.0,0.0,0.5,0,4938,2,10,0.0,0.0004048582995951417,0.9975757575757576,6.534333299961872,48,100
0.0004048582995951417,0.0,1.0,0.0,0.0,0.55,0,4938,2,10,0.0,0.0004048582995951417,0.9975757575757576,6.534333299961872,48,100
0.0004048582995951417,0.0,1.0,0.0,0.0,0.6,0,4938,2,10,0.0,0.0004048582995951417,0.9975757575757576,6.534333299961872,48,100
0.0004048582995951417,0.0,1.0,0.0,0.0,0.65,0,4938,2,10,0.0,0.0004048582995951417,0.9975757575757576,6.534333299961872,48,100
0.0004048582995951417,0.0,1.0,0.0,0.0,0.7,0,4938,2,10,0.0,0.0004048582995951417,0.9975757575757576,6.534333299961872,48,100
0.0020242914979757085,0.2,0.8333333333333334,0.16666666666666666,0.2,0.75,2,4930,10,8,0.2,0.0020242914979757085,0.9963636363636363,6.534333299961872,48,100
0.0024291497975708503,0.2,0.8571428571428571,0.14285714285714285,0.2,0.8,2,4928,12,8,0.2,0.0024291497975708503,0.9959595959595959,6.534333299961872,48,100
0.002631578947368421,0.2,0.8666666666666667,0.13333333333333333,0.2,0.85,2,4927,13,8,0.2,0.002631578947368421,0.9957575757575757,6.534333299961872,48,100
0.010323886639676113,0.4,0.9272727272727272,0.07272727272727272,0.4,0.9,4,4889,51,6,0.4,0.010323886639676113,0.9884848484848485,6.534333299961872,48,100
0.01174089068825911,0.4,0.9354838709677419,0.06451612903225806,0.4,0.95,4,4882,58,6,0.4,0.01174089068825911,0.9870707070707071,6.534333299961872,48,100
0.9953441295546559,1.0,0.9979703673635072,0.0020296326364927946,1.0,1.0,10,23,4917,0,1.0,0.9953441295546559,0.006666666666666667,6.534333299961872,48,100
0.0,0.0,0.0,,0.0,0.05,0,4940,0,10,0.0,0.0,0.997979797979798,6.307551100035198,49,100
0.0,0.0,0.0,,0.0,0.1,0,4940,0,10,0.0,0.0,0.997979797979798,6.307551100035198,49,100
0.0,0.0,0.0,,0.0,0.15,0,4940,0,10,0.0,0.0,0.997979797979798,6.307551100035198,49,100
0.0,0.0,0.0,,0.0,0.2,0,4940,0,10,0.0,0.0,0.997979797979798,6.307551100035198,49,100
0.0,0.0,0.0,,0.0,0.25,0,4940,0,10,0.0,0.0,0.997979797979798,6.307551100035198,49,100
0.0,0.0,0.0,,0.0,0.3,0,4940,0,10,0.0,0.0,0.997979797979798,6.307551100035198,49,100
0.0,0.0,0.0,,0.0,0.35,0,4940,0,10,0.0,0.0,0.997979797979798,6.307551100035198,49,100
0.0,0.0,0.0,,0.0,0.4,0,4940,0,10,0.0,0.0,0.997979797979798,6.307551100035198,49,100
0.0,0.0,0.0,,0.0,0.45,0,4940,0,10,0.0,0.0,0.997979797979798,6.307551100035198,49,100
0.0,0.0,0.0,,0.0,0.5,0,4940,0,10,0.0,0.0,0.997979797979798,6.307551100035198,49,100
0.0,0.0,0.0,,0.0,0.55,0,4940,0,10,0.0,0.0,0.997979797979798,6.307551100035198,49,100
0.0,0.0,0.0,,0.0,0.6,0,4940,0,10,0.0,0.0,0.997979797979798,6.307551100035198,49,100
0.0,0.0,0.0,,0.0,0.65,0,4940,0,10,0.0,0.0,0.997979797979798,6.307551100035198,49,100
0.0,0.0,0.0,,0.0,0.7,0,4940,0,10,0.0,0.0,0.997979797979798,6.307551100035198,49,100
0.0,0.0,0.0,,0.0,0.75,0,4940,0,10,0.0,0.0,0.997979797979798,6.307551100035198,49,100
0.0,0.0,0.0,,0.0,0.8,0,4940,0,10,0.0,0.0,0.997979797979798,6.307551100035198,49,100
0.00020242914979757084,0.0,1.0,0.0,0.0,0.85,0,4939,1,10,0.0,0.00020242914979757084,0.9977777777777778,6.307551100035198,49,100
0.00020242914979757084,0.0,1.0,0.0,0.0,0.9,0,4939,1,10,0.0,0.00020242914979757084,0.9977777777777778,6.307551100035198,49,100
0.02651821862348178,0.0,1.0,0.0,0.0,0.95,0,4809,131,10,0.0,0.02651821862348178,0.9715151515151516,6.307551100035198,49,100
0.04412955465587044,0.0,1.0,0.0,0.0,1.0,0,4722,218,10,0.0,0.04412955465587044,0.953939393939394,6.307551100035198,49,100
